192 192 192 192 192 192 192 192 192 192 192 192 192 192 192 192 192 192 192 192 192 192 192 192 192 192 192 192 192 192 192 192 192 192 192 192 192 192 192 192 192 192 192 192 192 192 192 192 192 192 192 192 192 192 192 192 192 192 192 192 192 192 192 192 192 192 192 192 192 192 192 192 192 192 192 192 64 64 64 64 64 64 64 64 192 192 192 192 192 192 192 192 192 192 192 192 192 192 192 192 192 192 192 192 192 192 192 192 192 192 192 192 192 192 192 192 192 192 192 192 192 192 192 192 192 192 192 192 192 192 192 192 192 192 192 192 192 192 192 192 192 192 192 192 192 192 192 192 192 192 192 192 192 192 192 192 192 192 192 192
192 192 192 192 192 192 192 192 192 192 192 192 192 192 192 192 192 192 192 192 192 192 192 192 192 192 192 192 192 192 192 192 192 192 192 192 192 192 192 192 192 192 192 192 192 192 192 192 192 192 192 192 192 192 192 192 192 192 192 192 192 192 192 192 192 192 192 192 192 192 192 192 192 192 192 192 64 64 64 64 64 64 64 64 192 192 192 192 192 192 192 192 192 192 192 192 192 192 192 192 192 192 192 192 192 192 192 192 192 192 192 192 192 192 192 192 192 192 192 192 192 192 192 192 192 192 192 192 192 192 192 192 192 192 192 192 192 192 192 192 192 192 192 192 192 192 192 192 192 192 192 192 192 192 192 192 192 192 192 192
192 192 192 192 192 192 192 192 192 192 192 192 192 192 192 192 192 192 192 192 192 192 192 192 192 192 192 192 192 192 192 192 192 192 192 192 192 192 192 192 192 192 192 192 192 192 192 192 192 192 192 192 192 192 192 192 192 192 192 192 192 192 192 192 192 192 192 192 192 192 192 192 192 192 192 192 64 64 64 64 64 64 64 64 192 192 192 192 192 192 192 192 192 192 192 192 192 192 192 192 192 192 192 192 192 192 192 192 192 192 192 192 192 192 192 192 192 192 192 192 192 192 192 192 192 192 192 192 192 192 192 192 192 192 192 192 192 192 192 192 192 192 192 192 192 192 192 192 192 192 192 192 192 192 192 192 192 192 192 192
192 192 192 192 192 192 192 192 192 192 192 192 192 192 192 192 192 192 192 192 192 192 192 192 192 192 192 192 192 192 192 192 192 192 192 192 192 192 192 192 192 192 192 192 192 192 192 192 192 192 192 192 192 192 192 192 192 192 192 192 192 192 192 192 192 192 192 192 192 192 192 192 192 192 192 192 64 64 64 64 64 64 64 64 192 192 192 192 192 192 192 192 192 192 192 192 192 192 192 192 192 192 192 192 192 192 192 192 192 192 192 192 192 192 192 192 192 192 192 192 192 192 192 192 192 192 192 192 192 192 192 192 192 192 192 192 192 192 192 192 192 192 192 192 192 192 192 192 192 192 192 192 192 192 192 192 192 192 192 192
192 192 192 192 192 192 192 192 192 192 192 192 192 192 192 192 192 192 192 192 192 192 192 192 192 192 192 192 192 192 192 192 192 192 192 192 192 192 192 192 192 192 192 192 192 192 192 192 192 192 192 192 192 192 192 192 192 192 192 192 192 192 192 192 192 192 192 192 192 192 192 192 192 192 192 192 64 64 64 64 64 64 64 64 192 192 192 192 192 192 192 192 192 192 192 192 192 192 192 192 192 192 192 192 192 192 192 192 192 192 192 192 192 192 192 192 192 192 192 192 192 192 192 192 192 192 192 192 192 192 192 192 192 192 192 192 192 192 192 192 192 192 192 192 192 192 192 192 192 192 192 192 192 192 192 192 192 192 192 192
192 192 192 192 64 64 64 64 64 64 64 64 64 64 64 64 64 64 64 64 64 64 64 64 64 64 64 64 64 64 64 64 64 64 64 64 64 64 64 64 64 64 64 64 64 64 64 64 64 64 64 64 64 64 64 64 64 64 64 64 192 192 192 192 64 64 64 64 64 64 64 64 64 64 64 64 64 64 64 64 64 64 64 64 64 64 64 64 64 64 64 64 64 64 64 64 192 192 192 192 64 64 64 64 64 64 64 64 64 64 64 64 64 64 64 64 64 64 64 64 64 64 64 64 64 64 64 64 64 64 64 64 64 64 64 64 64 64 64 64 64 64 64 64 64 64 64 64 64 64 64 64 64 64 64 64 192 192 192 192
192 192 192 192 64 64 64 64 64 64 64 64 64 64 64 64 64 64 64 64 64 64 64 64 64 64 64 64 64 64 64 64 64 64 64 64 64 64 64 64 64 64 64 64 64 64 64 64 64 64 64 64 64 64 64 64 64 64 64 64 192 192 192 192 64 64 64 64 64 64 64 64 64 64 64 64 64 64 64 64 64 64 64 64 64 64 64 64 64 64 64 64 64 64 64 64 192 192 192 192 64 64 64 64 64 64 64 64 64 64 64 64 64 64 64 64 64 64 64 64 64 64 64 64 64 64 64 64 64 64 64 64 64 64 64 64 64 64 64 64 64 64 64 64 64 64 64 64 64 64 64 64 64 64 64 64 192 192 192 192
192 192 192 192 64 64 64 64 64 64 64 64 64 64 64 64 64 64 64 64 64 64 64 64 64 64 64 64 64 64 64 64 64 64 64 64 64 64 64 64 64 64 64 64 64 64 64 64 64 64 64 64 64 64 64 64 64 64 64 64 192 192 192 192 64 64 64 64 64 64 64 64 64 64 64 64 64 64 64 64 64 64 64 64 64 64 64 64 64 64 64 64 64 64 64 64 192 192 192 192 64 64 64 64 64 64 64 64 64 64 64 64 64 64 64 64 64 64 64 64 64 64 64 64 64 64 64 64 64 64 64 64 64 64 64 64 64 64 64 64 64 64 64 64 64 64 64 64 64 64 64 64 64 64 64 64 192 192 192 192
192 192 192 192 64 64 64 64 64 64 64 64 64 64 64 64 64 64 64 64 64 64 64 64 64 64 64 64 64 64 64 64 64 64 64 64 64 64 64 64 64 64 64 64 64 64 64 64 64 64 64 64 64 64 64 64 64 64 64 64 192 192 192 192 64 64 64 64 64 64 64 64 64 64 64 64 64 64 64 64 64 64 64 64 64 64 64 64 64 64 64 64 64 64 64 64 192 192 192 192 64 64 64 64 64 64 64 64 64 64 64 64 64 64 64 64 64 64 64 64 64 64 64 64 64 64 64 64 64 64 64 64 64 64 64 64 64 64 64 64 64 64 64 64 64 64 64 64 64 64 64 64 64 64 64 64 192 192 192 192
192 192 192 192 64 64 64 64 64 64 64 64 64 64 64 64 64 64 64 64 64 64 64 64 64 64 64 64 64 64 64 64 64 64 64 64 64 64 64 64 64 64 64 64 64 64 64 64 64 64 64 64 64 64 64 64 64 64 64 64 192 192 192 192 64 64 64 64 64 64 64 64 64 64 64 64 64 64 64 64 64 64 64 64 64 64 64 64 64 64 64 64 64 64 64 64 192 192 192 192 64 64 64 64 64 64 64 64 64 64 64 64 64 64 64 64 64 64 64 64 64 64 64 64 64 64 64 64 64 64 64 64 64 64 64 64 64 64 64 64 64 64 64 64 64 64 64 64 64 64 64 64 64 64 64 64 192 192 192 192
192 192 192 192 64 64 64 64 64 64 64 64 64 64 64 64 64 64 64 64 64 64 64 64 64 64 64 64 64 64 64 64 64 64 64 64 64 64 64 64 64 64 64 64 64 64 64 64 64 64 64 64 64 64 64 64 64 64 64 64 192 192 192 192 64 64 64 64 64 64 64 64 64 64 64 64 64 64 64 64 64 64 64 64 64 64 64 64 64 64 64 64 64 64 64 64 192 192 192 192 64 64 64 64 64 64 64 64 64 64 64 64 64 64 64 64 64 64 64 64 64 64 64 64 64 64 64 64 64 64 64 64 64 64 64 64 64 64 64 64 64 64 64 64 64 64 64 64 64 64 64 64 64 64 64 64 192 192 192 192
192 192 192 192 64 64 64 64 64 64 64 64 64 64 64 64 64 64 64 64 64 64 64 64 64 64 64 64 64 64 64 64 64 64 64 64 64 64 64 64 64 64 64 64 64 64 64 64 64 64 64 64 64 64 64 64 64 64 64 64 192 192 192 192 64 64 64 64 64 64 64 64 64 64 64 64 64 64 64 64 64 64 64 64 64 64 64 64 64 64 64 64 64 64 64 64 192 192 192 192 64 64 64 64 64 64 64 64 64 64 64 64 64 64 64 64 64 64 64 64 64 64 64 64 64 64 64 64 64 64 64 64 64 64 64 64 64 64 64 64 64 64 64 64 64 64 64 64 64 64 64 64 64 64 64 64 192 192 192 192
192 192 192 192 64 64 64 64 192 192 192 192 64 64 64 64 192 192 192 192 64 64 64 64 192 192 192 192 64 64 64 64 192 192 192 192 64 64 64 64 192 192 192 192 64 64 64 64 192 192 192 192 64 64 64 64 64 64 64 64 192 192 192 192 64 64 64 64 192 192 192 192 64 64 64 64 192 192 192 192 192 192 192 192 64 64 64 64 192 192 192 192 64 64 64 64 192 192 192 192 64 64 64 64 64 64 64 64 192 192 192 192 64 64 64 64 192 192 192 192 64 64 64 64 192 192 192 192 64 64 64 64 192 192 192 192 64 64 64 64 192 192 192 192 64 64 64 64 192 192 192 192 64 64 64 64 192 192 192 192
192 192 192 192 64 64 64 64 192 192 192 192 64 64 64 64 192 192 192 192 64 64 64 64 192 192 192 192 64 64 64 64 192 192 192 192 64 64 64 64 192 192 192 192 64 64 64 64 192 192 192 192 64 64 64 64 64 64 64 64 192 192 192 192 64 64 64 64 192 192 192 192 64 64 64 64 192 192 192 192 192 192 192 192 64 64 64 64 192 192 192 192 64 64 64 64 192 192 192 192 64 64 64 64 64 64 64 64 192 192 192 192 64 64 64 64 192 192 192 192 64 64 64 64 192 192 192 192 64 64 64 64 192 192 192 192 64 64 64 64 192 192 192 192 64 64 64 64 192 192 192 192 64 64 64 64 192 192 192 192
192 192 192 192 64 64 64 64 64 64 64 64 64 64 64 64 64 64 64 64 64 64 64 64 64 64 64 64 64 64 64 64 64 64 64 64 64 64 64 64 64 64 64 64 64 64 64 64 64 64 64 64 64 64 64 64 64 64 64 64 192 192 192 192 64 64 64 64 64 64 64 64 64 64 64 64 64 64 64 64 64 64 64 64 64 64 64 64 64 64 64 64 64 64 64 64 192 192 192 192 64 64 64 64 64 64 64 64 64 64 64 64 64 64 64 64 64 64 64 64 64 64 64 64 64 64 64 64 64 64 64 64 64 64 64 64 64 64 64 64 64 64 64 64 64 64 64 64 64 64 64 64 64 64 64 64 192 192 192 192
192 192 192 192 64 64 64 64 64 64 64 64 64 64 64 64 64 64 64 64 64 64 64 64 64 64 64 64 64 64 64 64 64 64 64 64 64 64 64 64 64 64 64 64 64 64 64 64 64 64 64 64 64 64 64 64 64 64 64 64 192 192 192 192 64 64 64 64 64 64 64 64 64 64 64 64 64 64 64 64 64 64 64 64 64 64 64 64 64 64 64 64 64 64 64 64 192 192 192 192 64 64 64 64 64 64 64 64 64 64 64 64 64 64 64 64 64 64 64 64 64 64 64 64 64 64 64 64 64 64 64 64 64 64 64 64 64 64 64 64 64 64 64 64 64 64 64 64 64 64 64 64 64 64 64 64 192 192 192 192
192 192 192 192 64 64 64 64 64 64 64 64 64 64 64 64 64 64 64 64 64 64 64 64 64 64 64 64 64 64 64 64 64 64 64 64 64 64 64 64 64 64 64 64 64 64 64 64 64 64 64 64 64 64 64 64 64 64 64 64 192 192 192 192 64 64 64 64 64 64 64 64 64 64 64 64 64 64 64 64 64 64 64 64 64 64 64 64 64 64 64 64 64 64 64 64 192 192 192 192 64 64 64 64 64 64 64 64 64 64 64 64 64 64 64 64 64 64 64 64 64 64 64 64 64 64 64 64 64 64 64 64 64 64 64 64 64 64 64 64 64 64 64 64 64 64 64 64 64 64 64 64 64 64 64 64 192 192 192 192
192 192 192 192 64 64 64 64 64 64 64 64 64 64 64 64 64 64 64 64 64 64 64 64 64 64 64 64 64 64 64 64 64 64 64 64 64 64 64 64 64 64 64 64 64 64 64 64 64 64 64 64 64 64 64 64 64 64 64 64 192 192 192 192 64 64 64 64 64 64 64 64 64 64 64 64 64 64 64 64 64 64 64 64 64 64 64 64 64 64 64 64 64 64 64 64 192 192 192 192 64 64 64 64 64 64 64 64 64 64 64 64 64 64 64 64 64 64 64 64 64 64 64 64 64 64 64 64 64 64 64 64 64 64 64 64 64 64 64 64 64 64 64 64 64 64 64 64 64 64 64 64 64 64 64 64 192 192 192 192
192 192 192 192 64 64 64 64 64 64 64 64 64 64 64 64 64 64 64 64 64 64 64 64 64 64 64 64 64 64 64 64 64 64 64 64 64 64 64 64 64 64 64 64 64 64 64 64 64 64 64 64 64 64 64 64 64 64 64 64 192 192 192 192 64 64 64 64 64 64 64 64 64 64 64 64 64 64 64 64 64 64 64 64 64 64 64 64 64 64 64 64 64 64 64 64 192 192 192 192 64 64 64 64 64 64 64 64 64 64 64 64 64 64 64 64 64 64 64 64 64 64 64 64 64 64 64 64 64 64 64 64 64 64 64 64 64 64 64 64 64 64 64 64 64 64 64 64 64 64 64 64 64 64 64 64 192 192 192 192
192 192 192 192 64 64 64 64 64 64 64 64 64 64 64 64 64 64 64 64 64 64 64 64 64 64 64 64 64 64 64 64 64 64 64 64 64 64 64 64 64 64 64 64 64 64 64 64 64 64 64 64 64 64 64 64 64 64 64 64 192 192 192 192 64 64 64 64 64 64 64 64 64 64 64 64 64 64 64 64 64 64 64 64 64 64 64 64 64 64 64 64 64 64 64 64 192 192 192 192 64 64 64 64 64 64 64 64 64 64 64 64 64 64 64 64 64 64 64 64 64 64 64 64 64 64 64 64 64 64 64 64 64 64 64 64 64 64 64 64 64 64 64 64 64 64 64 64 64 64 183 183 183 183 64 64 192 192 192 192
192 192 192 192 64 64 64 64 64 64 64 64 64 64 64 64 64 64 64 64 64 64 64 64 64 64 64 64 64 64 64 64 64 64 64 64 64 64 64 64 64 64 64 64 64 64 64 64 64 64 64 64 64 64 64 64 64 64 64 64 192 192 192 192 64 64 64 64 64 64 64 64 64 64 64 64 64 64 64 64 64 64 64 64 64 64 64 64 64 64 64 64 64 64 64 64 192 192 192 192 64 64 64 64 64 64 64 64 64 64 64 64 64 64 64 64 64 64 64 64 64 64 64 64 64 64 64 64 64 64 64 64 64 64 64 64 64 64 64 64 64 64 64 64 64 64 64 64 64 64 183 183 183 183 64 64 192 192 192 192
192 192 192 192 64 64 64 64 64 64 64 64 192 192 192 192 192 192 192 192 192 192 192 192 64 64 64 64 64 64 64 64 192 192 192 192 64 64 64 64 64 64 64 64 192 192 192 192 192 192 192 192 64 64 64 64 64 64 64 64 192 192 192 192 64 64 64 64 64 64 64 64 192 192 192 192 192 192 192 192 192 192 192 192 192 192 192 192 64 64 64 64 64 64 64 64 192 192 192 192 64 64 64 64 64 64 64 64 192 192 192 192 192 192 192 192 64 64 64 64 64 64 64 64 192 192 192 192 64 64 64 64 64 64 64 64 192 192 192 192 192 192 192 192 192 192 192 192 64 64 183 183 183 183 64 64 192 192 192 192
192 192 192 192 64 64 64 64 64 64 64 64 192 192 192 192 192 192 192 192 192 192 192 192 64 64 64 64 64 64 64 64 192 192 192 192 64 64 64 64 64 64 64 64 192 192 192 192 192 192 192 192 64 64 64 64 64 64 64 64 192 192 192 192 64 64 64 64 64 64 64 64 192 192 192 192 192 192 192 192 192 192 192 192 192 192 192 192 64 64 64 64 64 64 64 64 192 192 192 192 64 64 64 64 64 64 64 64 192 192 192 192 192 192 192 192 64 64 64 64 64 64 64 64 192 192 192 192 64 64 64 64 64 64 64 64 192 192 192 192 192 192 192 192 192 192 192 192 64 64 183 183 183 183 64 64 192 192 192 192
192 192 192 192 64 64 64 64 64 64 64 64 192 192 192 192 192 192 192 192 192 192 192 192 64 64 64 64 64 64 64 64 192 192 192 192 64 64 64 64 64 64 64 64 192 192 192 192 192 192 192 192 64 64 64 64 64 64 64 64 192 192 192 192 64 64 64 64 64 64 64 64 192 192 192 192 192 192 192 192 192 192 192 192 192 192 192 192 64 64 64 64 64 64 64 64 192 192 192 192 64 64 64 64 64 64 64 64 192 192 192 192 192 192 192 192 64 64 64 64 64 64 64 64 192 192 192 192 64 64 64 64 64 64 64 64 192 192 192 192 192 192 192 192 192 192 192 192 64 64 183 183 183 183 64 64 192 192 192 192
192 192 192 192 64 64 64 64 64 64 64 64 192 192 192 192 192 192 192 192 192 192 192 192 64 64 64 64 64 64 64 64 192 192 192 192 64 64 64 64 64 64 64 64 192 192 192 192 192 192 192 192 64 64 64 64 64 64 64 64 192 192 192 192 64 64 64 64 64 64 64 64 192 192 192 192 192 192 192 192 192 192 192 192 192 192 192 192 64 64 64 64 64 64 64 64 192 192 192 192 64 64 64 64 64 64 64 64 192 192 192 192 192 192 192 192 64 64 64 64 64 64 64 64 192 192 192 192 64 64 64 64 64 64 64 64 192 192 192 192 192 192 192 192 192 192 192 192 64 64 183 183 183 183 64 64 192 192 192 192
192 192 192 192 64 64 64 64 64 64 64 64 192 192 192 192 192 192 192 192 192 192 192 192 64 64 64 64 64 64 64 64 192 192 192 192 64 64 64 64 64 64 64 64 192 192 192 192 192 192 192 192 64 64 64 64 64 64 64 64 192 192 192 192 64 64 64 64 64 64 64 64 192 192 192 192 192 192 192 192 192 192 192 192 192 192 192 192 64 64 64 64 64 64 64 64 192 192 192 192 64 64 64 64 64 64 64 64 192 192 192 192 192 192 192 192 64 64 64 64 64 64 64 64 192 192 192 192 64 64 64 64 64 64 64 64 192 192 192 192 192 192 192 192 192 192 192 192 64 64 183 183 183 183 64 64 192 192 192 192
192 192 192 192 64 64 64 64 64 64 64 64 192 192 192 192 192 192 192 192 192 192 192 192 64 64 64 64 64 64 64 64 192 192 192 192 64 64 64 64 64 64 64 64 192 192 192 192 192 192 192 192 64 64 64 64 64 64 64 64 192 192 192 192 64 64 64 64 64 64 64 64 192 192 192 192 192 192 192 192 192 192 192 192 192 192 192 192 64 64 64 64 64 64 64 64 192 192 192 192 64 64 64 64 64 64 64 64 192 192 192 192 192 192 192 192 64 64 64 64 64 64 64 64 192 192 192 192 64 64 64 64 64 64 64 64 192 192 192 192 192 192 192 192 192 192 192 192 64 64 183 183 183 183 64 64 192 192 192 192
192 192 192 192 64 64 64 64 64 64 64 64 64 64 64 64 64 64 64 64 64 64 64 64 64 64 64 64 64 64 64 64 192 192 192 192 64 64 64 64 64 64 64 64 64 64 64 64 64 64 64 64 64 64 64 64 64 64 64 64 64 64 64 64 64 64 64 64 64 64 64 64 64 64 64 64 64 64 64 64 64 64 64 64 64 64 64 64 64 64 64 64 64 64 64 64 64 64 64 64 64 64 64 64 64 64 64 64 64 64 64 64 64 64 64 64 64 64 64 64 64 64 64 64 192 192 192 192 64 64 64 64 64 64 64 64 64 64 64 64 64 64 64 64 64 64 64 64 64 64 183 183 183 183 64 64 192 192 192 192
192 192 192 192 64 64 64 64 64 64 64 64 64 64 64 64 64 64 64 64 64 64 64 64 64 64 64 64 64 64 64 64 192 192 192 192 64 64 64 64 64 64 64 64 64 64 64 64 64 64 64 64 64 64 64 64 64 64 64 64 64 64 64 64 64 64 64 64 64 64 64 64 64 64 64 64 64 64 64 64 64 64 64 64 64 64 64 64 64 64 64 64 64 64 64 64 64 64 64 64 64 64 64 64 64 64 64 64 64 64 64 64 64 64 64 64 64 64 64 64 64 64 64 64 192 192 192 192 64 64 64 64 64 64 64 64 64 64 64 64 64 64 64 64 64 64 64 64 64 64 183 183 183 183 64 64 192 192 192 192
192 192 192 192 64 64 64 64 64 64 64 64 64 64 64 64 64 64 64 64 64 64 64 64 64 64 64 64 64 64 64 64 192 192 192 192 64 64 64 64 64 64 64 64 64 64 64 64 64 64 64 64 64 64 64 64 64 64 64 64 64 64 64 64 64 64 64 64 64 64 64 64 64 64 64 64 64 64 64 64 64 64 64 64 64 64 64 64 64 64 64 64 64 64 64 64 64 64 64 64 64 64 64 64 64 64 64 64 64 64 64 64 64 64 64 64 64 64 64 64 64 64 64 64 192 192 192 192 64 64 64 64 64 64 64 64 64 64 64 64 64 64 64 64 64 64 64 64 64 64 64 64 64 64 64 64 192 192 192 192
192 192 192 192 64 64 64 64 64 64 64 64 64 64 64 64 64 64 64 64 64 64 64 64 64 64 64 64 64 64 64 64 192 192 192 192 64 64 64 64 64 64 64 64 64 64 64 64 64 64 64 64 64 64 64 64 64 64 64 64 64 64 64 64 64 64 64 64 64 64 64 64 64 64 64 64 64 64 64 64 64 64 64 64 64 64 64 64 64 64 64 64 64 64 64 64 64 64 64 64 64 64 64 64 64 64 64 64 64 64 64 64 64 64 64 64 64 64 64 64 64 64 64 64 192 192 192 192 64 64 64 64 64 64 64 64 64 64 64 64 64 64 64 64 64 64 64 64 64 64 64 64 64 64 64 64 192 192 192 192
192 192 192 192 64 64 64 64 64 64 64 64 64 64 64 64 64 64 64 64 64 64 64 64 64 64 64 64 64 64 64 64 192 192 192 192 64 64 64 64 64 64 64 64 64 64 64 64 64 64 64 64 64 64 64 64 64 64 64 64 64 64 64 64 64 64 64 64 64 64 64 64 64 64 64 64 64 64 64 64 64 64 64 64 64 64 64 64 64 64 64 64 64 64 64 64 64 64 64 64 64 64 64 64 64 64 64 64 64 64 64 64 64 64 64 64 64 64 64 64 64 64 64 64 192 192 192 192 64 64 64 64 64 64 64 64 64 64 64 64 64 64 64 64 64 64 64 64 64 64 64 64 64 64 64 64 192 192 192 192
192 192 192 192 64 64 64 64 64 64 64 64 64 64 64 64 64 64 64 64 64 64 64 64 64 64 64 64 64 64 64 64 192 192 192 192 64 64 64 64 64 64 64 64 64 64 64 64 64 64 64 64 64 64 64 64 64 64 64 64 64 64 64 64 64 64 64 64 64 64 64 64 64 64 64 64 64 64 64 64 64 64 64 64 64 64 64 64 64 64 64 64 64 64 64 64 64 64 64 64 64 64 64 64 64 64 64 64 64 64 64 64 64 64 64 64 64 64 64 64 64 64 64 64 192 192 192 192 64 64 64 64 64 64 64 64 64 64 64 64 64 64 64 64 64 64 64 64 64 64 64 64 64 64 64 64 192 192 192 192
192 192 192 192 64 64 64 64 64 64 64 64 64 64 64 64 64 64 64 64 64 64 64 64 64 64 64 64 64 64 64 64 192 192 192 192 64 64 64 64 64 64 64 64 64 64 64 64 64 64 64 64 64 64 64 64 64 64 64 64 64 64 64 64 64 64 64 64 64 64 64 64 64 64 64 64 64 64 64 64 64 64 64 64 64 64 64 64 64 64 64 64 64 64 64 64 64 64 64 64 64 64 64 64 64 64 64 64 64 64 64 64 64 64 64 64 64 64 64 64 64 64 64 64 192 192 192 192 64 64 64 64 64 64 64 64 64 64 64 64 64 64 64 64 64 64 64 64 64 64 64 64 64 64 64 64 192 192 192 192
192 192 192 192 64 64 64 64 192 192 192 192 64 64 64 64 192 192 192 192 64 64 64 64 192 192 192 192 64 64 64 64 192 192 192 192 64 64 64 64 192 192 192 192 64 64 64 64 192 192 192 192 64 64 64 64 192 192 192 192 64 64 64 64 192 192 192 192 64 64 64 64 192 192 192 192 64 64 64 64 64 64 64 64 192 192 192 192 64 64 64 64 192 192 192 192 64 64 64 64 192 192 192 192 64 64 64 64 192 192 192 192 64 64 64 64 192 192 192 192 64 64 64 64 192 192 192 192 64 64 64 64 192 192 192 192 64 64 64 64 192 192 192 192 64 64 64 64 192 192 192 192 64 64 64 64 192 192 192 192
192 192 192 192 64 64 64 64 192 192 192 192 64 64 64 64 192 192 192 192 64 64 64 64 192 192 192 192 64 64 64 64 192 192 192 192 64 64 64 64 192 192 192 192 64 64 64 64 192 192 192 192 64 64 64 64 192 192 192 192 64 64 64 64 192 192 192 192 64 64 64 64 192 192 192 192 64 64 64 64 64 64 64 64 192 192 192 192 64 64 64 64 192 192 192 192 64 64 64 64 192 192 192 192 64 64 64 64 192 192 192 192 64 64 64 64 192 192 192 192 64 64 64 64 192 192 192 192 64 64 64 64 192 192 192 192 64 64 64 64 192 192 192 192 64 64 64 64 192 192 192 192 64 64 64 64 192 192 192 192
192 192 192 192 64 64 64 64 64 64 64 64 64 64 64 64 64 64 64 64 64 64 64 64 64 64 64 64 64 64 64 64 192 192 192 192 64 64 64 64 64 64 64 64 64 64 64 64 64 64 64 64 64 64 64 64 64 64 64 64 64 64 64 64 64 64 64 64 64 64 64 64 64 64 64 64 64 64 64 64 64 64 64 64 64 64 64 64 64 64 64 64 64 64 64 64 64 64 64 64 64 64 64 64 64 64 64 64 64 64 64 64 64 64 64 64 64 64 64 64 64 64 64 64 192 192 192 192 64 64 64 64 64 64 64 64 64 64 64 64 64 64 64 64 64 64 64 64 64 64 64 64 64 64 64 64 192 192 192 192
192 192 192 192 64 64 64 64 64 64 64 64 64 64 64 64 64 64 64 64 64 64 64 64 64 64 64 64 64 64 64 64 192 192 192 192 64 64 64 64 64 64 64 64 64 64 64 64 64 64 64 64 64 64 64 64 64 64 64 64 64 64 64 64 64 64 64 64 64 64 64 64 64 64 64 64 64 64 64 64 64 64 64 64 64 64 64 64 64 64 64 64 64 64 64 64 64 64 64 64 64 64 64 64 64 64 64 64 64 64 64 64 64 64 64 64 64 64 64 64 64 64 64 64 192 192 192 192 64 64 64 64 64 64 64 64 64 64 64 64 64 64 64 64 64 64 64 64 64 64 64 64 64 64 64 64 192 192 192 192
192 192 192 192 64 64 64 64 64 64 64 64 64 64 64 64 64 64 64 64 64 64 64 64 64 64 64 64 64 64 64 64 192 192 192 192 64 64 64 64 64 64 64 64 64 64 64 64 64 64 64 64 64 64 64 64 64 64 64 64 64 64 64 64 64 64 64 64 64 64 64 64 64 64 64 64 64 64 64 64 64 64 64 64 64 64 64 64 64 64 64 64 64 64 64 64 64 64 64 64 64 64 64 64 64 64 64 64 64 64 64 64 64 64 64 64 64 64 64 64 64 64 64 64 192 192 192 192 64 64 64 64 64 64 64 64 64 64 64 64 64 64 64 64 64 64 64 64 64 64 64 64 64 64 64 64 192 192 192 192
192 192 192 192 64 64 64 64 64 64 64 64 64 64 64 64 64 64 64 64 64 64 64 64 64 64 64 64 64 64 64 64 192 192 192 192 64 64 64 64 64 64 64 64 64 64 64 64 64 64 64 64 64 64 64 64 64 64 64 64 64 64 64 64 64 64 64 64 64 64 64 64 64 64 64 64 64 64 64 64 64 64 64 64 64 64 64 64 64 64 64 64 64 64 64 64 64 64 64 64 64 64 64 64 64 64 64 64 64 64 64 64 64 64 64 64 64 64 64 64 64 64 64 64 192 192 192 192 64 64 64 64 64 64 64 64 64 64 64 64 64 64 64 64 64 64 64 64 64 64 64 64 64 64 64 64 192 192 192 192
192 192 192 192 64 64 64 64 64 64 64 64 64 64 64 64 64 64 64 64 64 64 64 64 64 64 64 64 64 64 64 64 192 192 192 192 64 64 64 64 64 64 64 64 64 64 64 64 64 64 64 64 64 64 64 64 64 64 64 64 64 64 64 64 64 64 64 64 64 64 64 64 64 64 64 64 64 64 64 64 64 64 64 64 64 64 64 64 64 64 64 64 64 64 64 64 64 64 64 64 64 64 64 64 64 64 64 64 64 64 64 64 64 64 64 64 64 64 64 64 64 64 64 64 192 192 192 192 64 64 64 64 64 64 64 64 64 64 64 64 64 64 64 64 64 64 64 64 64 64 64 64 64 64 64 64 192 192 192 192
192 192 192 192 64 64 64 64 64 64 64 64 64 64 64 64 64 64 64 64 64 64 64 64 64 64 64 64 64 64 64 64 192 192 192 192 64 64 64 64 64 64 64 64 64 64 64 64 64 64 64 64 64 64 64 64 64 64 64 64 64 64 64 64 64 64 64 64 64 64 64 64 64 64 64 64 64 64 64 64 64 64 64 64 64 64 64 64 64 64 64 64 64 64 64 64 64 64 64 64 64 64 64 64 64 64 64 64 64 64 64 64 64 64 64 64 64 64 64 64 64 64 64 64 192 192 192 192 64 64 64 64 64 64 64 64 64 64 64 64 64 64 64 64 64 64 64 64 64 64 64 64 64 64 64 64 192 192 192 192
192 192 192 192 64 64 64 64 64 64 64 64 64 64 64 64 64 64 64 64 64 64 64 64 64 64 64 64 64 64 64 64 192 192 192 192 64 64 64 64 64 64 64 64 64 64 64 64 64 64 64 64 64 64 64 64 64 64 64 64 64 64 64 64 64 64 64 64 64 64 64 64 64 64 64 64 64 64 64 64 64 64 64 64 64 64 64 64 64 64 64 64 64 64 64 64 64 64 64 64 64 64 64 64 64 64 64 64 64 64 64 64 64 64 64 64 64 64 64 64 64 64 64 64 192 192 192 192 64 64 64 64 64 64 64 64 64 64 64 64 64 64 64 64 64 64 64 64 64 64 64 64 64 64 64 64 192 192 192 192
192 192 192 192 192 192 192 192 192 192 192 192 192 192 192 192 64 64 64 64 64 64 64 64 192 192 192 192 192 192 192 192 192 192 192 192 64 64 64 64 64 64 64 64 192 192 192 192 192 192 192 192 192 192 192 192 192 192 192 192 192 192 192 192 64 64 64 64 64 64 64 64 192 192 192 192 192 192 192 192 192 192 192 192 192 192 192 192 64 64 64 64 64 64 64 64 192 192 192 192 192 192 192 192 192 192 192 192 192 192 192 192 192 192 192 192 64 64 64 64 64 64 64 64 192 192 192 192 192 192 192 192 192 192 192 192 64 64 64 64 64 64 64 64 192 192 192 192 192 192 192 192 192 192 192 192 192 192 192 192
192 192 192 192 192 192 192 192 192 192 192 192 192 192 192 192 64 64 64 64 64 64 64 64 192 192 192 192 192 192 192 192 192 192 192 192 64 64 64 64 64 64 64 64 192 192 192 192 192 192 192 192 192 192 192 192 192 192 192 192 192 192 192 192 64 64 64 64 64 64 64 64 192 192 192 192 192 192 192 192 192 192 192 192 192 192 192 192 64 64 64 64 64 64 64 64 192 192 192 192 192 192 192 192 192 192 192 192 192 192 192 192 192 192 192 192 64 64 64 64 64 64 64 64 192 192 192 192 192 192 192 192 192 192 192 192 64 64 64 64 64 64 64 64 192 192 192 192 192 192 192 192 192 192 192 192 192 192 192 192
192 192 192 192 192 192 192 192 192 192 192 192 192 192 192 192 64 64 64 64 64 64 64 64 192 192 192 192 192 192 192 192 192 192 192 192 64 64 64 64 64 64 64 64 192 192 192 192 192 192 192 192 192 192 192 192 192 192 192 192 192 192 192 192 64 64 64 64 64 64 64 64 192 192 192 192 192 192 192 192 192 192 192 192 192 192 192 192 64 64 64 64 64 64 64 64 192 192 192 192 192 192 192 192 192 192 192 192 192 192 192 192 192 192 192 192 64 64 64 64 64 64 64 64 192 192 192 192 192 192 192 192 192 192 192 192 64 64 64 64 64 64 64 64 192 192 192 192 192 192 192 192 192 192 192 192 192 192 192 192
192 192 192 192 192 192 192 192 192 192 192 192 192 192 192 192 64 64 64 64 64 64 64 64 192 192 192 192 192 192 192 192 192 192 192 192 64 64 64 64 64 64 64 64 192 192 192 192 192 192 192 192 192 192 192 192 192 192 192 192 192 192 192 192 64 64 64 64 64 64 64 64 192 192 192 192 192 192 192 192 192 192 192 192 192 192 192 192 64 64 64 64 64 64 64 64 192 192 192 192 192 192 192 192 192 192 192 192 192 192 192 192 192 192 192 192 64 64 64 64 64 64 64 64 192 192 192 192 192 192 192 192 192 192 192 192 64 64 64 64 64 64 64 64 192 192 192 192 192 192 192 192 192 192 192 192 192 192 192 192
192 192 192 192 192 192 192 192 192 192 192 192 192 192 192 192 64 64 64 64 64 64 64 64 192 192 192 192 192 192 192 192 192 192 192 192 64 64 64 64 64 64 64 64 192 192 192 192 192 192 192 192 192 192 192 192 192 192 192 192 192 192 192 192 64 64 64 64 64 64 64 64 192 192 192 192 192 192 192 192 192 192 192 192 192 192 192 192 64 64 64 64 64 64 64 64 192 192 192 192 192 192 192 192 192 192 192 192 192 192 192 192 192 192 192 192 64 64 64 64 64 64 64 64 192 192 192 192 192 192 192 192 192 192 192 192 64 64 64 64 64 64 64 64 192 192 192 192 192 192 192 192 192 192 192 192 192 192 192 192
192 192 192 192 192 192 192 192 192 192 192 192 192 192 192 192 64 64 64 64 64 64 64 64 192 192 192 192 192 192 192 192 192 192 192 192 64 64 64 64 64 64 64 64 192 192 192 192 192 192 192 192 192 192 192 192 192 192 192 192 192 192 192 192 64 64 64 64 64 64 64 64 192 192 192 192 192 192 192 192 192 192 192 192 192 192 192 192 64 64 64 64 64 64 64 64 192 192 192 192 192 192 192 192 192 192 192 192 192 192 192 192 192 192 192 192 64 64 64 64 64 64 64 64 192 192 192 192 192 192 192 192 192 192 192 192 64 64 64 64 64 64 64 64 192 192 192 192 192 192 192 192 192 192 192 192 192 192 192 192
192 192 192 192 64 64 64 64 64 64 64 64 64 64 64 64 64 64 64 64 64 64 64 64 64 64 64 64 64 64 64 64 64 64 64 64 64 64 64 64 64 64 64 64 64 64 64 64 64 64 64 64 64 64 64 64 64 64 64 64 192 192 192 192 64 64 64 64 64 64 64 64 64 64 64 64 64 64 64 64 64 64 64 64 64 64 64 64 64 64 64 64 64 64 64 64 192 192 192 192 64 64 64 64 64 64 64 64 64 64 64 64 64 64 64 64 64 64 64 64 64 64 64 64 64 64 64 64 64 64 64 64 64 64 64 64 64 64 64 64 64 64 64 64 64 64 64 64 64 64 64 64 64 64 64 64 192 192 192 192
192 192 192 192 64 64 64 64 64 64 64 64 64 64 64 64 64 64 64 64 64 64 64 64 64 64 64 64 64 64 64 64 64 64 64 64 64 64 64 64 64 64 64 64 64 64 64 64 64 64 64 64 64 64 64 64 64 64 64 64 192 192 192 192 64 64 64 64 64 64 64 64 64 64 64 64 64 64 64 64 64 64 64 64 64 64 64 64 64 64 64 64 64 64 64 64 192 192 192 192 64 64 64 64 64 64 64 64 64 64 64 64 64 64 64 64 64 64 64 64 64 64 64 64 64 64 64 64 64 64 64 64 64 64 64 64 64 64 64 64 64 64 64 64 64 64 64 64 64 64 64 64 64 64 64 64 192 192 192 192
192 192 192 192 64 64 64 64 64 64 64 64 64 64 64 64 64 64 64 64 64 64 64 64 64 64 64 64 64 64 64 64 64 64 64 64 64 64 64 64 64 64 64 64 64 64 64 64 64 64 64 64 64 64 64 64 64 64 64 64 192 192 192 192 64 64 64 64 64 64 64 64 64 64 64 64 64 64 64 64 64 64 64 64 64 64 64 64 64 64 64 64 64 64 64 64 192 192 192 192 64 64 64 64 64 64 64 64 64 64 64 64 64 64 64 64 64 64 64 64 64 64 64 64 64 64 64 64 64 64 64 64 64 64 64 64 64 64 64 64 64 64 64 64 64 64 64 64 64 64 64 64 64 64 64 64 192 192 192 192
192 192 192 192 64 64 64 64 64 64 64 64 64 64 64 64 64 64 64 64 64 64 64 64 64 64 64 64 64 64 64 64 64 64 64 64 64 64 64 64 64 64 64 64 64 64 64 64 64 64 64 64 64 64 64 64 64 64 64 64 192 192 192 192 64 64 64 64 64 64 64 64 64 64 64 64 64 64 64 64 64 64 64 64 64 64 64 64 64 64 64 64 64 64 64 64 192 192 192 192 64 64 64 64 64 64 64 64 64 64 64 64 64 64 64 64 64 64 64 64 64 64 64 64 64 64 64 64 64 64 64 64 64 64 64 64 64 64 64 64 64 64 64 64 64 64 64 64 64 64 64 64 64 64 64 64 192 192 192 192
192 192 192 192 64 64 64 64 64 64 64 64 64 64 64 64 64 64 64 64 64 64 64 64 64 64 64 64 64 64 64 64 64 64 64 64 64 64 64 64 64 64 64 64 64 64 64 64 64 64 64 64 64 64 64 64 64 64 64 64 192 192 192 192 64 64 64 64 64 64 64 64 64 64 64 64 64 64 64 64 64 64 64 64 64 64 64 64 64 64 64 64 64 64 64 64 192 192 192 192 64 64 64 64 64 64 64 64 64 64 64 64 64 64 64 64 64 64 64 64 64 64 64 64 64 64 64 64 64 64 64 64 64 64 64 64 64 64 64 64 64 64 64 64 64 64 64 64 64 64 64 64 64 64 64 64 192 192 192 192
192 192 192 192 64 64 64 64 64 64 64 64 64 64 64 64 64 64 64 64 64 64 64 64 64 64 64 64 64 64 64 64 64 64 64 64 64 64 64 64 64 64 64 64 64 64 64 64 64 64 64 64 64 64 64 64 64 64 64 64 192 192 192 192 64 64 64 64 64 64 64 64 64 64 64 64 64 64 64 64 64 64 64 64 64 64 64 64 64 64 64 64 64 64 64 64 192 192 192 192 64 64 64 64 64 64 64 64 64 64 64 64 64 64 64 64 64 64 64 64 64 64 64 64 64 64 64 64 64 64 64 64 64 64 64 64 64 64 64 64 64 64 64 64 64 64 64 64 64 64 64 64 64 64 64 64 192 192 192 192
192 192 192 192 64 64 64 64 64 64 64 64 64 64 64 64 64 64 64 64 64 64 64 64 64 64 64 64 64 64 64 64 64 64 64 64 64 64 64 64 64 64 64 64 64 64 64 64 64 64 64 64 64 64 64 64 64 64 64 64 192 192 192 192 64 64 64 64 64 64 64 64 64 64 64 64 64 64 64 64 64 64 64 64 64 64 64 64 64 64 64 64 64 64 64 64 192 192 192 192 64 64 64 64 64 64 64 64 64 64 64 64 64 64 64 64 64 64 64 64 64 64 64 64 64 64 64 64 64 64 64 64 64 64 64 64 64 64 64 64 64 64 64 64 64 64 64 64 64 64 64 64 64 64 64 64 192 192 192 192
192 192 192 192 64 64 64 64 192 192 192 192 64 64 64 64 192 192 192 192 64 64 64 64 192 192 192 192 64 64 64 64 192 192 192 192 64 64 64 64 192 192 192 192 64 64 64 64 192 192 192 192 64 64 64 64 64 64 64 64 192 192 192 192 64 64 64 64 192 192 192 192 64 64 64 64 192 192 192 192 192 192 192 192 64 64 64 64 192 192 192 192 64 64 64 64 192 192 192 192 64 64 64 64 64 64 64 64 192 192 192 192 64 64 64 64 192 192 192 192 64 64 64 64 192 192 192 192 64 64 64 64 192 192 192 192 64 64 64 64 192 192 192 192 64 64 64 64 192 192 192 192 64 64 64 64 192 192 192 192
192 192 192 192 64 64 64 64 192 192 192 192 64 64 64 64 192 192 192 192 64 64 64 64 192 192 192 192 64 64 64 64 192 192 192 192 64 64 64 64 192 192 192 192 64 64 64 64 192 192 192 192 64 64 64 64 64 64 64 64 192 192 192 192 64 64 64 64 192 192 192 192 64 64 64 64 192 192 192 192 192 192 192 192 64 64 64 64 192 192 192 192 64 64 64 64 192 192 192 192 64 64 64 64 64 64 64 64 192 192 192 192 64 64 64 64 192 192 192 192 64 64 64 64 192 192 192 192 64 64 64 64 192 192 192 192 64 64 64 64 192 192 192 192 64 64 64 64 192 192 192 192 64 64 64 64 192 192 192 192
192 192 192 192 64 64 64 64 64 64 64 64 64 64 64 64 64 64 64 64 64 64 64 64 64 64 64 64 64 64 64 64 64 64 64 64 64 64 64 64 64 64 64 64 64 64 64 64 64 64 64 64 64 64 64 64 64 64 64 64 192 192 192 192 64 64 64 64 64 64 64 64 64 64 64 64 64 64 64 64 64 64 64 64 64 64 64 64 64 64 64 64 64 64 64 64 192 192 192 192 64 64 64 64 64 64 64 64 64 64 64 64 64 64 64 64 64 64 64 64 64 64 64 64 64 64 64 64 64 64 64 64 64 64 64 64 64 64 64 64 64 64 64 64 64 64 64 64 64 64 64 64 64 64 64 64 192 192 192 192
192 192 192 192 64 64 64 64 64 64 64 64 64 64 64 64 64 64 64 64 64 64 64 64 64 64 64 64 64 64 64 64 64 64 64 64 64 64 64 64 64 64 64 64 64 64 64 64 64 64 64 64 64 64 64 64 64 64 64 64 192 192 192 192 64 64 64 64 64 64 64 64 64 64 64 64 64 64 64 64 64 64 64 64 64 64 64 64 64 64 64 64 64 64 64 64 192 192 192 192 64 64 64 64 64 64 64 64 64 64 64 64 64 64 64 64 64 64 64 64 64 64 64 64 64 64 64 64 64 64 64 64 64 64 64 64 64 64 64 64 64 64 64 64 64 64 64 64 64 64 64 64 64 64 64 64 192 192 192 192
192 192 192 192 64 64 64 64 64 64 64 64 64 64 64 64 64 64 64 64 64 64 64 64 64 64 64 64 64 64 64 64 64 64 64 64 64 64 64 64 64 64 64 64 64 64 64 64 64 64 64 64 64 64 64 64 64 64 64 64 192 192 192 192 64 64 64 64 64 64 64 64 64 64 64 64 64 64 64 64 64 64 64 64 64 64 64 64 64 64 64 64 64 64 64 64 192 192 192 192 64 64 64 64 64 64 64 64 64 64 64 64 64 64 64 64 64 64 64 64 64 64 64 64 64 64 64 64 64 64 64 64 64 64 64 64 64 64 64 64 64 64 64 64 64 64 64 64 64 64 64 64 64 64 64 64 192 192 192 192
192 192 192 192 64 64 64 64 64 64 64 64 64 64 64 64 64 64 64 64 64 64 64 64 64 64 64 64 64 64 64 64 64 64 64 64 64 64 64 64 64 64 64 64 64 64 64 64 64 64 64 64 64 64 64 64 64 64 64 64 192 192 192 192 64 64 64 64 64 64 64 64 64 64 64 64 64 64 64 64 64 64 64 64 64 64 64 64 64 64 64 64 64 64 64 64 192 192 192 192 64 64 64 64 64 64 64 64 64 64 64 64 64 64 64 64 64 64 64 64 64 64 64 64 64 64 64 64 64 64 64 64 64 64 64 64 64 64 64 64 64 64 64 64 64 64 64 64 64 64 64 64 64 64 64 64 192 192 192 192
192 192 192 192 64 64 64 64 64 64 64 64 64 64 64 64 64 64 64 64 64 64 64 64 64 64 64 64 64 64 64 64 64 64 64 64 64 64 64 64 64 64 64 64 64 64 64 64 64 64 64 64 64 64 64 64 64 64 64 64 192 192 192 192 64 64 64 64 64 64 64 64 64 64 64 64 64 64 64 64 64 64 64 64 64 64 64 64 64 64 64 64 64 64 64 64 192 192 192 192 64 64 64 64 64 64 64 64 64 64 64 64 64 64 64 64 64 64 64 64 64 64 64 64 64 64 64 64 64 64 64 64 64 64 64 64 64 64 64 64 64 64 64 64 64 64 64 64 64 64 64 64 64 64 64 64 192 192 192 192
192 192 192 192 64 64 64 64 64 64 64 64 64 64 64 64 64 64 64 64 64 64 64 64 64 64 64 64 64 64 64 64 64 64 64 64 64 64 64 64 64 64 64 64 64 64 64 64 64 64 64 64 64 64 64 64 64 64 64 64 192 192 192 192 64 64 64 64 64 64 64 64 64 64 64 64 64 64 64 64 64 64 64 64 64 64 64 64 64 64 64 64 64 64 64 64 192 192 192 192 64 64 64 64 64 64 64 64 64 64 64 64 64 64 64 64 64 64 64 64 64 64 64 64 64 64 64 64 64 64 64 64 64 64 64 64 64 64 64 64 64 64 64 64 64 64 64 64 64 64 64 64 64 64 64 64 192 192 192 192
192 192 192 192 64 64 64 64 64 64 64 64 64 64 64 64 64 64 64 64 64 64 64 64 64 64 64 64 64 64 64 64 64 64 64 64 64 64 64 64 64 64 64 64 64 64 64 64 64 64 64 64 64 64 64 64 64 64 64 64 192 192 192 192 64 64 64 64 64 64 64 64 64 64 64 64 64 64 64 64 64 64 64 64 64 64 64 64 64 64 64 64 64 64 64 64 192 192 192 192 64 64 64 64 64 64 64 64 64 64 64 64 64 64 64 64 64 64 64 64 64 64 64 64 64 64 64 64 64 64 64 64 64 64 64 64 64 64 64 64 64 64 64 64 64 64 64 64 64 64 64 64 64 64 64 64 192 192 192 192
192 192 192 192 64 64 64 64 64 64 64 64 192 192 192 192 192 192 192 192 192 192 192 192 64 64 64 64 64 64 64 64 192 192 192 192 64 64 64 64 64 64 64 64 192 192 192 192 192 192 192 192 64 64 64 64 64 64 64 64 192 192 192 192 64 64 64 64 64 64 64 64 192 192 192 192 192 192 192 192 192 192 192 192 192 192 192 192 64 64 64 64 64 64 64 64 192 192 192 192 64 64 64 64 64 64 64 64 192 192 192 192 192 192 192 192 64 64 64 64 64 64 64 64 192 192 192 192 64 64 64 64 64 64 64 64 192 192 192 192 192 192 192 192 192 192 192 192 64 64 64 64 64 64 64 64 192 192 192 192
192 192 192 192 64 64 64 64 64 64 64 64 192 192 192 192 192 192 192 192 192 192 192 192 64 64 64 64 64 64 64 64 192 192 192 192 64 64 64 64 64 64 64 64 192 192 192 192 192 192 192 192 64 64 64 64 64 64 64 64 192 192 192 192 64 64 64 64 64 64 64 64 192 192 192 192 192 192 192 192 192 192 192 192 192 192 192 192 64 64 64 64 64 64 64 64 192 192 192 192 64 64 64 64 64 64 64 64 192 192 192 192 192 192 192 192 64 64 64 64 64 64 64 64 192 192 192 192 64 64 64 64 64 64 64 64 192 192 192 192 192 192 192 192 192 192 192 192 64 64 64 64 64 64 64 64 192 192 192 192
192 192 192 192 64 64 64 64 64 64 64 64 192 192 192 192 192 192 192 192 192 192 192 192 64 64 64 64 64 64 64 64 192 192 192 192 64 64 64 64 64 64 64 64 192 192 192 192 192 192 192 192 64 64 64 64 64 64 64 64 192 192 192 192 64 64 64 64 64 64 64 64 192 192 192 192 192 192 192 192 192 192 192 192 192 192 192 192 64 64 64 64 64 64 64 64 192 192 192 192 64 64 64 64 64 64 64 64 192 192 192 192 192 192 192 192 64 64 64 64 64 64 64 64 192 192 192 192 64 64 64 64 64 64 64 64 192 192 192 192 192 192 192 192 192 192 192 192 64 64 64 64 64 64 64 64 192 192 192 192
192 192 192 192 64 64 64 64 64 64 64 64 192 192 192 192 192 192 192 192 192 192 192 192 64 64 64 64 64 64 64 64 192 192 192 192 64 64 64 64 64 64 64 64 192 192 192 192 192 192 192 192 64 64 64 64 64 64 64 64 192 192 192 192 64 64 64 64 64 64 64 64 192 192 192 192 192 192 192 192 192 192 192 192 192 192 192 192 64 64 64 64 64 64 64 64 192 192 192 192 64 64 64 64 64 64 64 64 192 192 192 192 192 192 192 192 64 64 64 64 64 64 64 64 192 192 192 192 64 64 64 64 64 64 64 64 192 192 192 192 192 192 192 192 192 192 192 192 64 64 64 64 64 64 64 64 192 192 192 192
192 192 192 192 64 64 64 64 64 64 64 64 192 192 192 192 192 192 192 192 192 192 192 192 64 64 64 64 64 64 64 64 192 192 192 192 64 64 64 64 64 64 64 64 192 192 192 192 192 192 192 192 64 64 64 64 64 64 64 64 192 192 192 192 64 64 64 64 64 64 64 64 192 192 192 192 192 192 192 192 192 192 192 192 192 192 192 192 64 64 64 64 64 64 64 64 192 192 192 192 64 64 64 64 64 64 64 64 192 192 192 192 192 192 192 192 64 64 64 64 64 64 64 64 192 192 192 192 64 64 64 64 64 64 64 64 192 192 192 192 192 192 192 192 192 192 192 192 64 64 64 64 64 64 64 64 192 192 192 192
192 192 192 192 64 64 64 64 64 64 64 64 192 192 192 192 192 192 192 192 192 192 192 192 64 64 64 64 64 64 64 64 192 192 192 192 64 64 64 64 64 64 64 64 192 192 192 192 192 192 192 192 64 64 64 64 64 64 64 64 192 192 192 192 64 64 64 64 64 64 64 64 192 192 192 192 192 192 192 192 192 192 192 192 192 192 192 192 64 64 64 64 64 64 64 64 192 192 192 192 64 64 64 64 64 64 64 64 192 192 192 192 192 192 192 192 64 64 64 64 64 64 64 64 192 192 192 192 64 64 64 64 64 64 64 64 192 192 192 192 192 192 192 192 192 192 192 192 64 64 64 64 64 64 64 64 192 192 192 192
192 192 192 192 64 64 64 64 64 64 64 64 64 64 64 64 64 64 64 64 64 64 64 64 64 64 64 64 64 64 64 64 192 192 192 192 64 64 64 64 64 64 64 64 64 64 64 64 64 64 64 64 64 64 64 64 64 64 64 64 64 64 64 64 64 64 64 64 64 64 64 64 192 192 192 192 64 64 64 183 183 183 183 64 192 192 192 192 64 64 64 64 64 64 64 64 64 64 64 64 64 64 64 64 64 64 64 64 64 64 64 64 64 64 64 64 64 64 64 64 64 64 64 64 192 192 192 192 64 64 64 64 64 64 64 64 64 64 64 64 64 64 64 64 64 64 64 64 64 64 64 64 64 64 64 64 192 192 192 192
192 192 192 192 64 64 64 64 64 64 64 64 64 64 64 64 64 64 64 64 64 64 64 64 64 64 64 64 64 64 64 64 192 192 192 192 64 64 64 64 64 64 64 64 64 64 64 64 64 64 64 64 64 64 64 64 64 64 64 64 64 64 64 64 64 64 64 64 64 64 64 64 192 192 192 192 64 64 64 183 183 183 183 64 192 192 192 192 64 64 64 64 64 64 64 64 64 64 64 64 64 64 64 64 64 64 64 64 64 64 64 64 64 64 64 64 64 64 64 64 64 64 64 64 192 192 192 192 64 64 64 64 64 64 64 64 64 64 64 64 64 64 64 64 64 64 64 64 64 64 64 64 64 64 64 64 192 192 192 192
192 192 192 192 64 64 64 64 64 64 64 64 64 64 64 64 64 64 64 64 64 64 64 64 64 64 64 64 64 64 64 64 192 192 192 192 64 64 64 64 64 64 64 64 64 64 64 64 64 64 64 64 64 64 64 64 64 64 64 64 64 64 64 64 64 64 64 64 64 64 64 64 192 192 192 192 64 64 183 183 183 183 183 183 192 192 192 192 64 64 64 64 64 64 64 64 64 64 64 64 64 64 64 64 64 64 64 64 64 64 64 64 64 64 64 64 64 64 64 64 64 64 64 64 192 192 192 192 64 64 64 64 64 64 64 64 64 64 64 64 64 64 64 64 64 64 64 64 64 64 64 64 64 64 64 64 192 192 192 192
192 192 192 192 64 64 64 64 64 64 64 64 64 64 64 64 64 64 64 64 64 64 64 64 64 64 64 64 64 64 64 64 192 192 192 192 64 64 64 64 64 64 64 64 64 64 64 64 64 64 64 64 64 64 64 64 64 64 64 64 64 64 64 64 64 64 64 64 64 64 64 64 192 192 192 192 64 64 183 183 183 183 183 183 192 192 192 192 64 64 64 64 64 64 64 64 64 64 64 64 64 64 64 64 64 64 64 64 64 64 64 64 64 64 64 64 64 64 64 64 64 64 64 64 192 192 192 192 64 64 64 64 64 64 64 64 64 64 64 64 64 64 64 64 64 64 64 64 64 64 64 64 64 64 64 64 192 192 192 192
192 192 192 192 64 64 64 64 64 64 64 64 64 64 64 64 64 64 64 64 64 64 64 64 64 64 64 64 64 64 64 64 192 192 192 192 64 64 64 64 64 64 64 64 64 64 64 64 64 64 64 64 64 64 64 64 64 64 64 64 64 64 64 64 64 64 64 64 64 64 64 64 192 192 192 192 64 183 64 183 183 183 64 183 183 192 192 192 64 64 64 64 64 64 64 64 64 64 64 64 64 64 64 64 64 64 64 64 64 64 64 64 64 64 64 64 64 64 64 64 64 64 64 64 192 192 192 192 64 64 64 64 64 64 64 64 64 64 64 64 64 64 64 64 64 64 64 64 64 64 64 64 64 64 64 64 192 192 192 192
192 192 192 192 64 64 64 64 64 64 64 64 64 64 64 64 64 64 64 64 64 64 64 64 64 64 64 64 64 64 64 64 192 192 192 192 64 64 64 64 64 64 64 64 64 64 64 64 64 64 64 64 64 64 64 64 64 64 64 64 64 64 64 64 64 64 64 64 64 64 64 64 192 192 192 192 64 183 64 183 183 183 64 183 183 192 192 192 64 64 64 64 64 64 64 64 64 64 64 64 64 64 64 64 64 64 64 64 64 64 64 64 64 64 64 64 64 64 64 64 64 64 64 64 192 192 192 192 64 64 64 64 64 64 64 64 64 64 64 64 64 64 64 64 64 64 64 64 64 64 64 64 64 64 64 64 192 192 192 192
192 192 192 192 64 64 64 64 64 64 64 64 64 64 64 64 64 64 64 64 64 64 64 64 64 64 64 64 64 64 64 64 192 192 192 192 64 64 64 64 64 64 64 64 64 64 64 64 64 64 64 64 64 64 64 64 64 64 64 64 64 64 64 64 64 64 64 64 64 64 64 64 192 192 192 192 64 183 64 64 183 183 64 64 183 192 192 192 64 64 64 64 64 64 64 64 64 64 64 64 64 64 64 64 64 64 64 64 64 64 64 64 64 64 64 64 64 64 64 64 64 64 64 64 192 192 192 192 64 64 64 64 64 64 64 64 64 64 64 64 64 64 64 64 64 64 64 64 64 64 64 64 64 64 64 64 192 192 192 192
192 192 192 192 64 64 64 64 192 192 192 192 64 64 64 64 192 192 192 192 64 64 64 64 192 192 192 192 64 64 64 64 192 192 192 192 64 64 64 64 192 192 192 192 64 64 64 64 192 192 192 192 64 64 64 64 192 192 192 192 64 64 64 64 192 192 192 192 64 64 64 64 192 192 192 192 64 183 64 64 183 183 64 64 183 192 192 192 64 64 64 64 192 192 192 192 64 64 64 64 192 192 192 192 64 64 64 64 192 192 192 192 64 64 64 64 192 192 192 192 64 64 64 64 192 192 192 192 64 64 64 64 192 192 192 192 64 64 64 64 192 192 192 192 64 64 64 64 192 192 192 192 64 64 64 64 192 192 192 192
192 192 192 192 64 64 64 64 192 192 192 192 64 64 64 64 192 192 192 192 64 64 64 64 192 192 192 192 64 64 64 64 192 192 192 192 64 64 64 64 192 192 192 192 64 64 64 64 192 192 192 192 64 64 64 64 192 192 192 192 64 64 64 64 192 192 192 192 64 64 64 64 192 192 192 192 64 183 183 183 183 183 183 183 183 192 192 192 64 64 64 64 192 192 192 192 64 64 64 64 192 192 192 192 64 64 64 64 192 192 192 192 64 64 64 64 192 192 192 192 64 64 64 64 192 192 192 192 64 64 64 64 192 192 192 192 64 64 64 64 192 192 192 192 64 64 64 64 192 192 192 192 64 64 64 64 192 192 192 192
192 192 192 192 64 64 64 64 64 64 64 64 64 64 64 64 64 64 64 64 64 64 64 64 64 64 64 64 64 64 64 64 192 192 192 192 64 64 64 64 64 64 64 64 64 64 64 64 64 64 64 64 64 64 64 64 64 64 64 64 64 64 64 64 64 64 64 64 64 64 64 64 192 192 192 192 64 183 183 183 183 183 183 183 183 192 192 192 64 64 64 64 64 64 64 64 64 64 64 64 64 64 64 64 64 64 64 64 64 64 64 64 64 64 64 64 64 64 64 64 64 64 64 64 192 192 192 192 64 64 64 64 64 64 64 64 64 64 64 64 64 64 64 64 64 64 64 64 64 64 64 64 64 64 64 64 192 192 192 192
192 192 192 192 64 64 64 64 64 64 64 64 64 64 64 64 64 64 64 64 64 64 64 64 64 64 64 64 64 64 64 64 192 192 192 192 64 64 64 64 64 64 64 64 64 64 64 64 64 64 64 64 64 64 64 64 64 64 64 64 64 64 64 64 64 64 64 64 64 64 64 64 192 192 192 192 64 183 183 183 183 183 183 183 183 192 192 192 64 64 64 64 64 64 64 64 64 64 64 64 64 64 64 64 64 64 64 64 64 64 64 64 64 64 64 64 64 64 64 64 64 64 64 64 192 192 192 192 64 64 64 64 64 64 64 64 64 64 64 64 64 64 64 64 64 64 64 64 64 64 64 64 64 64 64 64 192 192 192 192
192 192 192 192 64 64 64 64 64 64 64 64 64 64 64 64 64 64 64 64 64 64 64 64 64 64 64 64 64 64 64 64 192 192 192 192 64 64 64 64 64 64 64 64 64 64 64 64 64 64 64 64 64 64 64 64 64 64 64 64 64 64 64 64 64 64 64 64 64 64 64 64 192 192 192 192 64 183 183 183 183 183 183 183 183 192 192 192 64 64 64 64 64 64 64 64 64 64 64 64 64 64 64 64 64 64 64 64 64 64 64 64 64 64 64 64 64 64 64 64 64 64 64 64 192 192 192 192 64 64 64 64 64 64 64 64 64 64 64 64 64 64 64 64 64 64 64 64 64 64 64 64 64 64 64 64 192 192 192 192
192 192 192 192 64 64 64 64 64 64 64 64 64 64 64 64 64 64 64 64 64 64 64 64 64 64 64 64 64 64 64 64 192 192 192 192 64 64 64 64 64 64 64 64 64 64 64 64 64 64 64 64 64 64 64 64 64 64 64 64 64 64 64 64 64 64 64 64 64 64 64 64 192 192 192 192 64 183 183 183 183 183 183 183 183 192 192 192 64 64 64 64 64 64 64 64 64 64 64 64 64 64 64 64 64 64 64 64 64 64 64 64 64 64 64 64 64 64 64 64 64 64 64 64 192 192 192 192 64 64 64 64 64 64 64 64 64 64 64 64 64 64 64 64 64 64 64 64 64 64 64 64 64 64 64 64 192 192 192 192
192 192 192 192 64 64 64 64 64 64 64 64 64 64 64 64 64 64 64 64 64 64 64 64 64 64 64 64 64 64 64 64 192 192 192 192 64 64 64 64 64 64 64 64 64 64 64 64 64 64 64 64 64 64 64 64 64 64 64 64 64 64 64 64 64 64 64 64 64 64 64 64 192 192 192 192 64 183 183 183 183 183 183 183 183 192 192 192 64 64 64 64 64 64 64 64 64 64 64 64 64 64 64 64 64 64 64 64 64 64 64 64 64 64 64 64 64 64 64 64 64 64 64 64 192 192 192 192 64 64 64 64 64 64 64 64 64 64 64 64 64 64 64 64 64 64 64 64 64 64 64 64 64 64 64 64 192 192 192 192
192 192 192 192 64 64 64 64 64 64 64 64 64 64 64 64 64 64 64 64 64 64 64 64 64 64 64 64 64 64 64 64 192 192 192 192 64 64 64 64 64 64 64 64 64 64 64 64 64 64 64 64 64 64 64 64 64 64 64 64 64 64 64 64 64 64 64 64 64 64 64 64 192 192 192 192 64 64 183 64 183 64 183 64 183 192 192 192 64 64 64 64 64 64 64 64 64 64 64 64 64 64 64 64 64 64 64 64 64 64 64 64 64 64 64 64 64 64 64 64 64 64 64 64 192 192 192 192 64 64 64 64 64 64 64 64 64 64 64 64 64 64 64 64 64 64 64 64 64 64 64 64 64 64 64 64 192 192 192 192
192 192 192 192 64 64 64 64 64 64 64 64 64 64 64 64 64 64 64 64 64 64 64 64 64 64 64 64 64 64 64 64 192 192 192 192 64 64 64 64 64 64 64 64 64 64 64 64 64 64 64 64 64 64 64 64 64 64 64 64 64 64 64 64 64 64 64 64 64 64 64 64 192 192 192 192 64 64 183 64 183 64 183 64 183 192 192 192 64 64 64 64 64 64 64 64 64 64 64 64 64 64 64 64 64 64 64 64 64 64 64 64 64 64 64 64 64 64 64 64 64 64 64 64 192 192 192 192 64 64 64 64 64 64 64 64 64 64 64 64 64 64 64 64 64 64 64 64 64 64 64 64 64 64 64 64 192 192 192 192
192 192 192 192 192 192 192 192 192 192 192 192 192 192 192 192 64 64 64 64 64 64 64 64 192 192 192 192 192 192 192 192 192 192 192 192 64 64 64 64 64 64 64 64 192 192 192 192 192 192 192 192 192 192 192 192 192 192 192 192 192 192 192 192 64 64 64 64 64 64 64 64 192 192 192 192 192 192 192 192 192 192 192 192 192 192 192 192 64 64 64 64 64 64 64 64 192 192 192 192 192 192 192 192 192 192 192 192 192 192 192 192 192 192 192 192 64 64 64 64 64 64 64 64 192 192 192 192 192 192 192 192 192 192 192 192 64 64 64 64 64 64 64 64 192 192 192 192 192 192 192 192 192 192 192 192 192 192 192 192
192 192 192 192 192 192 192 192 192 192 192 192 192 192 192 192 64 64 64 64 64 64 64 64 192 192 192 192 192 192 192 192 192 192 192 192 64 64 64 64 64 64 64 64 192 192 192 192 192 192 192 192 192 192 192 192 192 192 192 192 192 192 192 192 64 64 64 64 64 64 64 64 192 192 192 192 192 192 192 192 192 192 192 192 192 192 192 192 64 64 64 64 64 64 64 64 192 192 192 192 192 192 192 192 192 192 192 192 192 192 192 192 192 192 192 192 64 64 64 64 64 64 64 64 192 192 192 192 192 192 192 192 192 192 192 192 64 64 64 64 64 64 64 64 192 192 192 192 192 192 192 192 192 192 192 192 192 192 192 192
192 192 192 192 192 192 192 192 192 192 192 192 192 192 192 192 64 64 64 64 64 64 64 64 192 192 192 192 192 192 192 192 192 192 192 192 64 64 64 64 64 64 64 64 192 192 192 192 192 192 192 192 192 192 192 192 192 192 192 192 192 192 192 192 64 64 64 64 64 64 64 64 192 192 192 192 192 192 192 192 192 192 192 192 192 192 192 192 64 64 64 64 64 64 64 64 192 192 192 192 192 192 192 192 192 192 192 192 192 192 192 192 192 192 192 192 64 64 64 64 64 64 64 64 192 192 192 192 192 192 192 192 192 192 192 192 64 64 64 64 64 64 64 64 192 192 192 192 192 192 192 192 192 192 192 192 192 192 192 192
192 192 192 192 192 192 192 192 192 192 192 192 192 192 192 192 64 64 64 64 64 64 64 64 192 192 192 192 192 192 192 192 192 192 192 192 64 64 64 64 64 64 64 64 192 192 192 192 192 192 192 192 192 192 192 192 192 192 192 192 192 192 192 192 64 64 64 64 64 64 64 64 192 192 192 192 192 192 192 192 192 192 192 192 192 192 192 192 64 64 64 64 64 64 64 64 192 192 192 192 192 192 192 192 192 192 192 192 192 192 192 192 192 192 192 192 64 64 64 64 64 64 64 64 192 192 192 192 192 192 192 192 192 192 192 192 64 64 64 64 64 64 64 64 192 192 192 192 192 192 192 192 192 192 192 192 192 192 192 192
192 192 192 192 192 192 192 192 192 192 192 192 192 192 192 192 64 64 64 64 64 64 64 64 192 192 192 192 192 192 192 192 192 192 192 192 64 64 64 64 64 64 64 64 192 192 192 192 192 192 192 192 192 192 192 192 192 192 192 192 192 192 192 192 64 64 64 64 64 64 64 64 192 192 192 192 192 192 192 192 192 192 192 192 192 192 192 192 64 64 64 64 64 64 64 64 192 192 192 192 192 192 192 192 192 192 192 192 192 192 192 192 192 192 192 192 64 64 64 64 64 64 64 64 192 192 192 192 192 192 192 192 192 192 192 192 64 64 64 64 64 64 64 64 192 192 192 192 192 192 192 192 192 192 192 192 192 192 192 192
192 192 192 192 192 192 192 192 192 192 192 192 192 192 192 192 64 64 64 64 64 64 64 64 192 192 192 192 192 192 192 192 192 192 192 192 64 64 64 64 64 64 64 64 192 192 192 192 192 192 192 192 192 192 192 192 192 192 192 192 192 192 192 192 64 64 64 64 64 64 64 64 192 192 192 192 192 192 192 192 192 192 192 192 192 192 192 192 64 64 64 64 64 64 64 64 192 192 192 192 192 192 192 192 192 192 192 192 192 192 192 192 192 192 192 192 64 64 64 64 64 64 64 64 192 192 192 192 192 192 192 192 192 192 192 192 64 64 64 64 64 64 64 64 192 192 192 192 192 192 192 192 192 192 192 192 192 192 192 192
192 192 192 192 64 64 64 64 64 64 64 64 64 64 64 64 64 64 64 64 64 64 64 64 64 64 64 64 64 64 64 64 64 64 64 64 64 64 64 64 64 64 64 64 64 64 64 64 64 64 64 64 64 64 64 64 64 64 64 64 192 192 192 192 64 64 64 64 64 64 64 64 64 64 64 64 64 64 64 64 64 64 64 64 64 64 64 64 64 64 64 64 64 64 64 64 192 192 192 192 64 64 64 64 64 64 64 64 64 64 64 64 64 64 64 64 64 64 64 64 64 64 64 64 64 64 64 64 64 64 64 64 64 64 64 64 64 64 64 64 64 64 64 64 64 64 64 64 64 64 64 64 64 64 64 64 192 192 192 192
192 192 192 192 64 64 64 64 64 64 64 64 64 64 64 64 64 64 64 64 64 64 64 64 64 64 64 64 64 64 64 64 64 64 64 64 64 64 64 64 64 64 64 64 64 64 64 64 64 64 64 64 64 64 64 64 64 64 64 64 192 192 192 192 64 64 64 64 64 64 64 64 64 64 64 64 64 64 64 64 64 64 64 64 64 64 64 64 64 64 64 64 64 64 64 64 192 192 192 192 64 64 64 64 64 64 64 64 64 64 64 64 64 64 64 64 64 64 64 64 64 64 64 64 64 64 64 64 64 64 64 64 64 64 64 64 64 64 64 64 64 64 64 64 64 64 64 64 64 64 64 64 64 64 64 64 192 192 192 192
192 192 192 192 64 64 64 64 64 64 64 64 64 64 64 64 64 64 64 64 64 64 64 64 64 64 64 64 64 64 64 64 64 64 64 64 64 64 64 64 64 64 64 64 64 64 64 64 64 64 64 64 64 64 64 64 64 64 64 64 192 192 192 192 64 64 64 64 64 64 64 64 64 64 64 64 64 64 64 64 64 64 64 64 64 64 64 64 64 64 64 64 64 64 64 64 192 192 192 192 64 64 64 64 64 64 64 64 64 64 64 64 64 64 64 64 64 64 64 64 64 64 64 64 64 64 64 64 64 64 64 64 64 64 64 64 64 64 64 64 64 64 64 64 64 64 64 64 64 64 64 64 64 64 64 64 192 192 192 192
192 192 192 192 64 64 64 64 64 64 64 64 64 64 64 64 64 64 64 64 64 64 64 64 64 64 64 64 64 64 64 64 64 64 64 64 64 64 64 64 64 64 64 64 64 64 64 64 64 64 64 64 64 64 64 64 64 64 64 64 192 192 192 192 64 64 64 64 64 64 64 64 64 64 64 64 64 64 64 64 64 64 64 64 64 64 64 64 64 64 64 64 64 64 64 64 192 192 192 192 64 64 64 64 64 64 64 64 64 64 64 64 64 64 64 64 64 64 64 64 64 64 64 64 64 64 64 64 64 64 64 64 64 64 64 64 64 64 64 64 64 64 64 64 64 64 64 64 64 64 64 64 64 64 64 64 192 192 192 192
192 192 192 192 64 64 64 64 64 64 64 64 64 64 64 64 64 64 64 64 64 64 64 64 64 64 64 64 64 64 64 64 64 64 64 64 64 64 64 64 64 64 64 64 64 64 64 64 64 64 64 64 64 64 64 64 64 64 64 64 192 192 192 192 64 64 64 64 64 64 64 64 64 64 64 64 64 64 64 64 64 64 64 64 64 64 64 64 64 64 64 64 64 64 64 64 192 192 192 192 64 64 64 64 64 64 64 64 64 64 64 64 64 64 64 64 64 64 64 64 64 64 64 64 64 64 64 64 64 64 64 64 64 64 64 64 64 64 64 64 64 64 64 64 64 64 64 64 64 64 64 64 64 64 64 64 192 192 192 192
192 192 192 192 64 64 64 64 64 64 64 64 64 64 64 64 64 64 64 64 64 64 64 64 64 64 64 64 64 64 64 64 64 64 64 64 64 64 64 64 64 64 64 64 64 64 64 64 64 64 64 64 64 64 64 64 64 64 64 64 192 192 192 192 64 64 64 64 64 64 64 64 64 64 64 64 64 64 64 64 64 64 64 64 64 64 64 64 64 64 64 64 64 64 64 64 192 192 192 192 64 64 64 64 64 64 64 64 64 64 64 64 64 64 64 64 64 64 64 64 64 64 64 64 64 64 64 64 64 64 64 64 64 64 64 64 64 64 64 64 64 64 64 64 64 64 64 64 64 64 64 64 64 64 64 64 192 192 192 192
192 192 192 192 64 64 64 64 64 64 64 64 64 64 64 64 64 64 64 64 64 64 64 64 64 64 64 64 64 64 64 64 64 64 64 64 64 64 64 64 64 64 64 64 64 64 64 64 64 64 64 64 64 64 64 64 64 64 64 64 192 192 192 192 64 64 64 64 64 64 64 64 64 64 64 64 64 64 64 64 64 64 64 64 64 64 64 64 64 64 64 64 64 64 64 64 192 192 192 192 64 64 64 64 64 64 64 64 64 64 64 64 64 64 64 64 64 64 64 64 64 64 64 64 64 64 64 64 64 64 64 64 64 64 64 64 64 64 64 64 64 64 64 64 64 64 64 64 64 64 64 64 64 64 64 64 192 192 192 192
192 192 192 192 64 64 64 64 192 192 192 192 64 64 64 64 192 192 192 192 64 64 64 64 192 192 192 192 64 64 64 64 192 192 192 192 64 64 64 64 192 192 192 192 64 64 64 64 192 192 192 192 64 64 64 64 64 64 64 64 192 192 192 192 64 64 64 64 192 192 192 192 64 64 64 64 192 192 192 192 192 192 192 192 64 64 64 64 192 192 192 192 64 64 64 64 192 192 192 192 64 64 64 64 64 64 64 64 192 192 192 192 64 64 64 64 192 192 192 192 64 64 64 64 192 192 192 192 64 64 64 64 192 192 192 192 64 64 64 64 192 192 192 192 64 64 64 64 192 192 192 192 64 64 64 64 192 192 192 192
192 192 192 192 64 64 64 64 192 192 192 192 64 64 64 64 192 192 192 192 64 64 64 64 192 192 192 192 64 64 64 64 192 192 192 192 64 64 64 64 192 192 192 192 64 64 64 64 192 192 192 192 64 64 64 64 64 64 64 64 192 192 192 192 64 64 64 64 192 192 192 192 64 64 64 64 192 192 192 192 192 192 192 192 64 64 64 64 192 192 192 192 64 64 64 64 192 192 192 192 64 64 64 64 64 64 64 64 192 192 192 192 64 64 64 64 192 192 192 192 64 64 64 64 192 192 192 192 64 64 64 64 192 192 192 192 64 64 64 64 192 192 192 192 64 64 64 64 192 192 192 192 64 64 64 64 192 192 192 192
192 192 192 192 64 64 64 64 64 64 64 64 64 64 64 64 64 64 64 64 64 64 64 64 64 64 64 64 64 64 64 64 64 64 64 64 64 64 64 64 64 64 64 64 64 64 64 64 64 64 64 64 64 64 64 64 64 64 64 64 192 192 192 192 64 64 64 64 64 64 64 64 64 64 64 64 64 64 64 64 64 64 64 64 64 64 64 64 64 64 64 64 64 64 64 64 192 192 192 192 64 64 64 64 64 64 64 64 64 64 64 64 64 64 64 64 64 64 64 64 64 64 64 64 64 64 64 64 64 64 64 64 64 64 64 64 64 64 64 64 64 64 64 64 64 64 64 64 64 64 64 64 64 64 64 64 192 192 192 192
192 192 192 192 64 64 64 64 64 64 64 64 64 64 64 64 64 64 64 64 64 64 64 64 64 64 64 64 64 64 64 64 64 64 64 64 64 64 64 64 64 64 64 64 64 64 64 64 64 64 64 64 64 64 64 64 64 64 64 64 192 192 192 192 64 64 64 64 64 64 64 64 64 64 64 64 64 64 64 64 64 64 64 64 64 64 64 64 64 64 64 64 64 64 64 64 192 192 192 192 64 64 64 64 64 64 64 64 64 64 64 64 64 64 64 64 64 64 64 64 64 64 64 64 64 64 64 64 64 64 64 64 64 64 64 64 64 64 64 64 64 64 64 64 64 64 64 64 64 64 64 64 64 64 64 64 192 192 192 192
192 192 192 192 64 64 64 64 64 64 64 64 64 64 64 64 64 64 64 64 64 64 64 64 64 64 64 64 64 64 64 64 64 64 64 64 64 64 64 64 64 64 64 64 64 64 64 64 64 64 64 64 64 64 64 64 64 64 64 64 192 192 192 192 64 64 64 64 64 64 64 64 64 64 64 64 64 64 64 64 64 64 64 64 64 64 64 64 64 64 64 64 64 64 64 64 192 192 192 192 64 64 64 64 64 64 64 64 64 64 64 64 64 64 64 64 64 64 64 64 64 64 64 64 64 64 64 64 64 64 64 64 64 64 64 64 64 64 64 64 64 64 64 64 64 64 64 64 64 64 64 64 64 64 64 64 192 192 192 192
192 192 192 192 64 64 64 64 64 64 64 64 64 64 64 64 64 64 64 64 64 64 64 64 64 64 64 64 64 64 64 64 64 64 64 64 64 64 64 64 64 64 64 64 64 64 64 64 64 64 64 64 64 64 64 64 64 64 64 64 192 192 192 192 64 64 64 64 64 64 64 64 64 64 64 64 64 64 64 64 64 64 64 64 64 64 64 64 64 64 64 64 64 64 64 64 192 192 192 192 64 64 64 64 64 64 64 64 64 64 64 64 64 64 64 64 64 64 64 64 64 64 64 64 64 64 64 64 64 64 64 64 64 64 64 64 64 64 64 64 64 64 64 64 64 64 64 64 64 64 64 64 64 64 64 64 192 192 192 192
192 192 192 192 64 64 64 64 64 64 64 64 64 64 64 64 64 64 64 64 64 64 64 64 64 64 64 64 64 64 64 64 64 64 64 64 64 64 64 64 64 64 64 64 64 64 64 64 64 64 64 64 64 64 64 64 64 64 64 64 192 192 192 192 64 64 64 64 64 64 64 64 64 64 64 64 64 64 64 64 64 64 64 64 64 64 64 64 64 64 64 64 64 64 64 64 192 192 192 192 64 64 64 64 64 64 64 64 64 64 64 64 64 64 64 64 64 64 64 64 64 64 64 64 64 64 64 64 64 64 64 64 64 64 64 64 64 64 64 64 64 64 64 64 64 64 64 64 64 64 64 64 64 64 64 64 192 192 192 192
192 192 192 192 64 64 64 64 64 64 64 64 64 64 64 64 64 64 64 64 64 64 64 64 64 64 64 64 64 64 64 64 64 64 64 64 64 64 64 64 64 64 64 64 64 64 64 64 64 64 64 64 64 64 64 64 64 64 64 64 192 192 192 192 64 64 64 64 64 64 64 64 64 64 64 64 64 64 64 64 64 64 64 64 64 64 64 64 64 64 64 64 64 64 64 64 192 192 192 192 64 64 64 64 64 64 64 64 64 64 64 64 64 64 64 64 64 64 64 64 64 64 64 64 64 64 64 64 64 64 64 64 64 64 64 64 64 64 64 64 64 64 64 64 64 64 64 64 64 64 64 64 64 64 64 64 192 192 192 192
192 192 192 192 64 64 64 64 64 64 64 64 64 64 64 64 64 64 64 64 64 64 64 64 64 64 64 64 64 64 64 64 64 64 64 64 64 64 64 64 64 64 64 64 64 64 64 64 64 64 64 64 64 64 64 64 64 64 64 64 192 192 192 192 64 64 64 64 64 64 64 64 64 64 64 64 64 64 64 64 64 64 64 64 64 64 64 64 64 64 64 64 64 64 64 64 192 192 192 192 64 64 64 64 64 64 64 64 64 64 64 64 64 64 64 64 64 64 64 64 64 64 64 64 64 64 64 64 64 64 64 64 64 64 64 64 64 64 64 64 64 64 64 64 64 64 64 64 64 64 64 64 64 64 64 64 192 192 192 192
192 192 192 192 64 64 64 64 64 64 64 64 192 192 192 192 192 192 192 192 192 192 192 192 64 64 64 64 64 64 64 64 192 192 192 192 64 64 64 64 64 64 64 64 192 192 192 192 192 192 192 192 64 64 64 64 64 64 64 64 192 192 192 192 64 64 64 64 64 64 64 64 192 192 192 192 192 192 192 192 192 192 192 192 192 192 192 192 64 64 64 64 64 64 64 64 192 192 192 192 64 64 64 64 64 64 64 64 192 192 192 192 192 192 192 192 64 64 64 64 64 64 64 64 192 192 192 192 64 64 64 64 64 64 64 64 192 192 192 192 192 192 192 192 192 192 192 192 64 64 64 64 64 64 64 64 192 192 192 192
192 192 192 192 64 64 64 64 64 64 64 64 192 192 192 192 192 192 192 192 192 192 192 192 64 64 64 64 64 64 64 64 192 192 192 192 64 64 64 64 64 64 64 64 192 192 192 192 192 192 192 192 64 64 64 64 64 64 64 64 192 192 192 192 64 64 64 64 64 64 64 64 192 192 192 192 192 192 192 192 192 192 192 192 192 192 192 192 64 64 64 64 64 64 64 64 192 192 192 192 64 64 64 64 64 64 64 64 192 192 192 192 192 192 192 192 64 64 64 64 64 64 64 64 192 192 192 192 64 64 64 64 64 64 64 64 192 192 192 192 192 192 192 192 192 192 192 192 64 64 64 64 64 64 64 64 192 192 192 192
192 192 192 192 64 64 64 64 64 64 64 64 192 192 192 192 192 192 192 192 192 192 192 192 64 64 64 64 64 64 64 64 192 192 192 192 64 64 64 64 64 64 64 64 192 192 192 192 192 192 192 192 64 64 64 64 64 64 64 64 192 192 192 192 64 64 64 64 64 64 64 64 192 192 192 192 192 192 192 192 192 192 192 192 192 192 192 192 64 64 64 64 64 64 64 64 192 192 192 192 64 64 64 64 64 64 64 64 192 192 192 192 192 192 192 192 64 64 64 64 64 64 64 64 192 192 192 192 64 64 64 64 64 64 64 64 192 192 192 192 192 192 192 192 192 192 192 192 64 64 64 64 64 64 64 64 192 192 192 192
192 192 192 192 64 64 64 64 64 64 64 64 192 192 192 192 192 192 192 192 192 192 192 192 64 64 64 64 64 64 64 64 192 192 192 192 64 64 64 64 64 64 64 64 192 192 192 192 192 192 192 192 64 64 64 64 64 64 64 64 192 192 192 192 64 64 64 64 64 64 64 64 192 192 192 192 192 192 192 192 192 192 192 192 192 192 192 192 64 64 64 64 64 64 64 64 192 192 192 192 64 64 64 64 64 64 64 64 192 192 192 192 192 192 192 192 64 64 64 64 64 64 64 64 192 192 192 192 64 64 64 64 64 64 64 64 192 192 192 192 192 192 192 192 192 192 192 192 64 64 64 64 64 64 64 64 192 192 192 192
192 192 192 192 64 64 64 64 64 64 64 64 192 192 192 192 192 192 192 192 192 192 192 192 64 64 64 64 64 64 64 64 192 192 192 192 64 64 64 64 64 64 64 64 192 192 192 192 192 192 192 192 64 64 64 64 64 64 64 64 192 192 192 192 64 64 64 64 64 64 64 64 192 192 192 192 192 192 192 192 192 192 192 192 192 192 192 192 64 64 64 64 64 64 64 64 192 192 192 192 64 64 64 64 64 64 64 64 192 192 192 192 192 192 192 192 64 64 64 64 64 64 64 64 192 192 192 192 64 64 64 64 64 64 64 64 192 192 192 192 192 192 192 192 192 192 192 192 64 64 64 64 64 64 64 64 192 192 192 192
192 192 192 192 64 64 64 64 64 64 64 64 192 192 192 192 192 192 192 192 192 192 192 192 64 64 64 64 64 64 64 64 192 192 192 192 64 64 64 64 64 64 64 64 192 192 192 192 192 192 192 192 64 64 64 64 64 64 64 64 192 192 192 192 64 64 64 64 64 64 64 64 192 192 192 192 192 192 192 192 192 192 192 192 192 192 192 192 64 64 64 64 64 64 64 64 192 192 192 192 64 64 64 64 64 64 64 64 192 192 192 192 192 192 192 192 64 64 64 64 64 64 64 64 192 192 192 192 64 64 64 64 64 64 64 64 192 192 192 192 192 192 192 192 192 192 192 192 64 64 64 64 64 64 64 64 192 192 192 192
192 192 192 192 64 64 64 64 64 64 64 64 64 64 64 64 64 64 64 64 64 64 64 64 64 64 64 64 64 64 64 64 192 192 192 192 64 64 64 64 64 64 64 64 64 64 64 64 64 64 64 64 64 64 64 64 64 64 64 64 64 64 64 64 64 64 64 64 64 64 64 64 64 64 64 64 64 64 64 64 64 64 64 64 64 64 64 64 64 64 64 64 64 64 64 64 64 64 64 64 64 64 64 64 64 64 64 64 64 64 64 64 64 64 64 64 64 64 64 64 64 64 64 64 192 192 192 192 64 64 64 64 64 64 64 64 64 64 64 64 64 64 64 64 64 64 64 64 64 64 64 64 64 64 64 64 192 192 192 192
192 192 192 192 64 64 64 64 64 64 64 64 64 64 64 64 64 64 64 64 64 64 64 64 64 64 64 64 64 64 64 64 192 192 192 192 64 64 64 64 64 64 64 64 64 64 64 64 64 64 64 64 64 64 64 64 64 64 64 64 64 64 64 64 64 64 64 64 64 64 64 64 64 64 64 64 64 64 64 64 64 64 64 64 64 64 64 64 64 64 64 64 64 64 64 64 64 64 64 64 64 64 64 64 64 64 64 64 64 64 64 64 64 64 64 64 64 64 64 64 64 64 64 64 192 192 192 192 64 64 64 64 64 64 64 64 64 64 64 64 64 64 64 64 64 64 64 64 64 64 64 64 64 64 64 64 192 192 192 192
192 192 192 192 64 64 64 64 64 64 64 64 64 64 64 64 64 64 64 64 64 64 64 64 64 64 64 64 64 64 64 64 192 192 192 192 64 64 64 64 64 64 64 64 64 64 64 64 64 64 64 64 64 64 64 64 64 64 64 64 64 64 64 64 64 64 64 64 64 64 64 64 64 64 64 64 64 64 64 64 64 64 64 64 64 64 64 64 64 64 64 64 64 64 64 64 64 64 64 64 64 64 64 64 64 64 64 64 64 64 64 64 64 64 64 64 64 64 64 64 64 64 64 64 192 192 192 192 64 64 64 64 64 64 64 64 64 64 64 64 64 64 64 64 64 64 64 64 64 64 64 64 64 64 64 64 192 192 192 192
192 192 192 192 64 64 64 64 64 64 64 64 64 64 64 64 64 64 64 64 64 64 64 64 64 64 64 64 64 64 64 64 192 192 192 192 64 64 64 64 64 64 64 64 64 64 64 64 64 64 64 64 64 64 64 64 64 64 64 64 64 64 64 64 64 64 64 64 64 64 64 64 64 64 64 64 64 64 64 64 64 64 64 64 64 64 64 64 64 64 64 64 64 64 64 64 64 64 64 64 64 64 64 64 64 64 64 64 64 64 64 64 64 64 64 64 64 64 64 64 64 64 64 64 192 192 192 192 64 64 64 64 64 64 64 64 64 64 64 64 64 64 64 64 64 64 64 64 64 64 64 64 64 64 64 64 192 192 192 192
192 192 192 192 64 64 64 64 64 64 64 64 64 64 64 64 64 64 64 64 64 64 64 64 64 64 64 64 64 64 64 64 192 192 192 192 64 64 64 64 64 64 64 64 64 64 64 64 64 64 64 64 64 64 64 64 64 64 64 64 64 64 64 64 64 64 64 64 64 64 64 64 64 64 64 64 64 64 64 64 64 64 64 64 64 64 64 64 64 64 64 64 64 64 64 64 64 64 64 64 64 64 64 64 64 64 64 64 64 64 64 64 64 64 64 64 64 64 64 64 64 64 64 64 192 192 192 192 64 64 64 64 64 64 64 64 64 64 64 64 64 64 64 64 64 64 64 64 64 64 64 64 64 64 64 64 192 192 192 192
192 192 192 192 64 64 64 64 64 64 64 64 64 64 64 64 64 64 64 64 64 64 64 64 64 64 64 64 64 64 64 64 192 192 192 192 64 64 64 64 64 64 64 64 64 64 64 64 64 64 64 64 64 64 64 64 64 64 64 64 64 64 64 64 64 64 64 64 64 64 64 64 64 64 64 64 64 64 64 64 64 64 64 64 64 64 64 64 64 64 64 64 64 64 64 64 64 64 64 64 64 64 64 64 64 64 64 64 64 64 64 64 64 64 64 64 64 64 64 64 64 64 64 64 192 192 192 192 64 64 64 64 64 64 64 64 64 64 64 64 64 64 64 64 64 64 64 64 64 64 64 64 64 64 64 64 192 192 192 192
192 192 192 192 64 64 64 64 64 64 64 64 64 64 64 64 64 64 64 64 64 64 64 64 64 64 64 64 64 64 64 64 192 192 192 192 64 64 64 64 64 64 64 64 64 64 64 64 64 64 64 64 64 64 64 64 64 64 64 64 64 64 64 64 64 64 64 64 64 64 64 64 64 64 64 64 64 64 64 64 64 64 64 64 64 64 64 64 64 64 64 64 64 64 64 64 64 64 64 64 64 64 64 64 64 64 64 64 64 64 64 64 64 64 64 64 64 64 64 64 64 64 64 64 192 192 192 192 64 64 64 64 64 64 64 64 64 64 64 64 64 64 64 64 64 64 64 64 64 64 64 64 64 64 64 64 192 192 192 192
192 192 192 192 64 64 64 64 192 192 192 192 64 64 64 64 192 192 192 192 64 64 64 64 192 192 192 192 64 64 64 64 192 192 192 192 64 64 64 64 192 192 192 192 64 64 64 64 192 192 192 192 64 64 64 64 192 192 192 192 64 64 64 64 192 192 192 192 64 64 64 64 192 192 192 192 64 64 64 64 64 64 64 64 192 192 192 192 64 64 64 64 192 192 192 192 64 64 64 64 192 192 192 192 64 64 64 64 192 192 192 192 64 64 64 64 192 192 192 192 64 64 64 64 192 192 192 192 64 64 64 64 192 192 192 192 64 64 64 64 192 192 192 192 64 64 64 64 192 192 192 192 64 64 64 64 192 192 192 192
192 192 192 192 64 64 64 64 192 192 192 192 64 64 64 64 192 192 192 192 64 64 64 64 192 192 192 192 64 64 64 64 192 192 192 192 64 64 64 64 192 192 192 192 64 64 64 64 192 192 192 192 64 64 64 64 192 192 192 192 64 64 64 64 192 192 192 192 64 64 64 64 192 192 192 192 64 64 64 64 64 64 64 64 192 192 192 192 64 64 64 64 192 192 192 192 64 64 64 64 192 192 192 192 64 64 64 64 192 192 192 192 64 64 64 64 192 192 192 192 64 64 64 64 192 192 192 192 64 64 64 64 192 192 192 192 64 64 64 64 192 192 192 192 64 64 64 64 192 192 192 192 64 64 64 64 192 192 192 192
192 192 192 192 64 64 64 64 64 64 64 64 64 64 64 64 64 64 64 64 64 64 64 64 64 64 64 64 64 64 64 64 192 192 192 192 64 64 64 64 64 64 64 64 64 64 64 64 64 64 64 64 64 64 64 64 64 64 64 64 64 64 64 64 64 64 64 64 64 64 64 64 64 64 64 64 64 64 64 64 64 64 64 64 64 64 64 64 64 64 64 64 64 64 64 64 64 64 64 64 64 64 64 64 64 64 64 64 64 64 64 64 64 64 64 64 64 64 64 64 64 64 64 64 192 192 192 192 64 64 64 64 64 64 64 64 64 64 64 64 64 64 64 64 64 64 64 64 64 64 64 64 64 64 64 64 192 192 192 192
192 192 192 192 64 64 64 64 64 64 64 64 64 64 64 64 64 64 64 64 64 64 64 64 64 64 64 64 64 64 64 64 192 192 192 192 64 64 64 64 64 64 64 64 64 64 64 64 64 64 64 64 64 64 64 64 64 64 64 64 64 64 64 64 64 64 64 64 64 64 64 64 64 64 64 64 64 64 64 64 64 64 64 64 64 64 64 64 64 64 64 64 64 64 64 64 64 64 64 64 64 64 64 64 64 64 64 64 64 64 64 64 64 64 64 64 64 64 64 64 64 64 64 64 192 192 192 192 64 64 64 64 64 64 64 64 64 64 64 64 64 64 64 64 64 64 64 64 64 64 64 64 64 64 64 64 192 192 192 192
192 192 192 192 64 64 64 64 64 64 64 64 64 64 64 64 64 64 64 64 64 64 64 64 64 64 64 64 64 64 64 64 192 192 192 192 64 64 64 64 64 64 64 64 64 64 64 64 64 64 64 64 64 64 64 64 64 64 64 64 64 64 64 64 64 64 64 64 64 64 64 64 64 64 64 64 64 64 64 64 64 64 64 64 64 64 64 64 64 64 64 64 64 64 64 64 64 64 64 64 64 64 64 64 64 64 64 64 64 64 64 64 64 64 64 64 64 64 64 64 64 64 64 64 192 192 192 192 64 64 64 64 64 64 64 64 64 64 64 64 64 64 64 64 64 64 64 64 64 64 64 64 64 64 64 64 192 192 192 192
192 192 192 192 64 64 64 64 64 64 64 64 64 64 64 64 64 64 64 64 64 64 64 64 64 64 64 64 64 64 64 64 192 192 192 192 64 64 64 64 64 64 64 64 64 64 64 64 64 64 64 64 64 64 64 64 64 64 64 64 64 64 64 64 64 64 64 64 64 64 64 64 64 64 64 64 64 64 64 64 64 64 64 64 64 64 64 64 64 64 64 64 64 64 64 64 64 64 64 64 64 64 64 64 64 64 64 64 64 64 64 64 64 64 64 64 64 64 64 64 64 64 64 64 192 192 192 192 64 64 64 64 64 64 64 64 64 64 64 64 64 64 64 64 64 64 64 64 64 64 64 64 64 64 64 64 192 192 192 192
192 192 192 192 64 64 64 64 64 64 64 64 64 64 64 64 64 64 64 64 64 64 64 64 64 64 64 64 64 64 64 64 192 192 192 192 64 64 64 64 64 64 64 64 64 64 64 64 64 64 64 64 64 64 64 64 64 64 64 64 64 64 64 64 64 64 64 64 64 64 64 64 64 64 64 64 64 64 64 64 64 64 64 64 64 64 64 64 64 64 64 64 64 64 64 64 64 64 64 64 64 64 64 64 64 64 64 64 64 64 64 64 64 64 64 64 64 64 64 64 64 64 64 64 192 192 192 192 64 64 64 64 64 64 64 64 64 64 64 64 64 64 64 64 64 64 64 64 64 64 64 64 64 64 64 64 192 192 192 192
192 192 192 192 64 64 64 64 64 64 64 64 64 64 64 64 64 64 64 64 64 64 64 64 64 64 64 64 64 64 64 64 192 192 192 192 64 64 64 64 64 64 64 64 64 64 64 64 64 64 64 64 64 64 64 64 64 64 64 64 64 64 64 64 64 64 64 64 64 64 64 64 64 64 64 64 64 64 64 64 64 64 64 64 64 64 64 64 64 64 64 64 64 64 64 64 64 64 64 64 64 64 64 64 64 64 64 64 64 64 64 64 64 64 64 64 64 64 64 64 64 64 64 64 192 192 192 192 64 64 64 64 64 64 64 64 64 64 64 64 64 64 64 64 64 64 64 64 64 64 64 64 64 64 64 64 192 192 192 192
192 192 192 192 64 64 64 64 64 64 64 64 64 64 64 64 64 64 64 64 64 64 64 64 64 64 64 64 64 64 64 64 192 192 192 192 64 64 64 64 64 64 64 64 64 64 64 64 64 64 64 64 64 64 64 64 64 64 64 64 64 64 64 64 64 64 64 64 64 64 64 64 64 64 64 64 64 64 64 64 64 64 64 64 64 64 64 64 64 64 64 64 64 64 64 64 64 64 64 64 64 64 64 64 64 64 64 64 64 64 64 64 64 64 64 64 64 64 64 64 64 64 64 64 192 192 192 192 64 64 64 64 64 64 64 64 64 64 64 64 64 64 64 64 64 64 64 64 64 64 64 64 64 64 64 64 192 192 192 192
192 192 192 192 192 192 192 192 192 192 192 192 192 192 192 192 64 64 64 64 64 64 64 64 192 192 192 192 192 192 192 192 192 192 192 192 64 64 64 64 64 64 64 64 192 192 192 192 192 192 192 192 192 192 192 192 192 192 192 192 192 192 192 192 64 64 64 64 64 64 64 64 192 192 192 192 192 192 192 192 192 192 192 192 192 192 192 192 64 64 64 64 64 64 64 64 192 192 192 192 192 192 192 192 192 192 192 192 192 192 192 192 192 192 192 192 64 64 64 64 64 64 64 64 192 192 192 192 192 192 192 192 192 192 192 192 64 64 64 64 64 64 64 64 192 192 192 192 192 192 192 192 192 192 192 192 192 192 192 192
192 192 192 192 192 192 192 192 192 192 192 192 192 192 192 192 64 64 64 64 64 64 64 64 192 192 192 192 192 192 192 192 192 192 192 192 64 64 64 64 64 64 64 64 192 192 192 192 192 192 192 192 192 192 192 192 192 192 192 192 192 192 192 192 64 64 64 64 64 64 64 64 192 192 192 192 192 192 192 192 192 192 192 192 192 192 192 192 64 64 64 64 64 64 64 64 192 192 192 192 192 192 192 192 192 192 192 192 192 192 192 192 192 192 192 192 64 64 64 64 64 64 64 64 192 192 192 192 192 192 192 192 192 192 192 192 64 64 64 64 64 64 64 64 192 192 192 192 192 192 192 192 192 192 192 192 192 192 192 192
192 192 192 192 192 192 192 192 192 192 192 192 192 192 192 192 64 64 64 64 64 64 64 64 192 192 192 192 192 192 192 192 192 192 192 192 64 64 64 64 64 64 64 64 192 192 192 192 192 192 192 192 192 192 192 192 192 192 192 192 192 192 192 192 64 64 64 64 64 64 64 64 192 192 192 192 192 192 192 192 192 192 192 192 192 192 192 192 64 64 64 64 64 64 64 64 192 192 192 192 192 192 192 192 192 192 192 192 192 192 192 192 192 192 192 192 64 64 64 64 64 64 64 64 192 192 192 192 192 192 192 192 192 192 192 192 64 64 64 64 64 64 64 64 192 192 192 192 192 192 192 192 192 192 192 192 192 192 192 192
192 192 192 192 192 192 192 192 192 192 192 192 192 192 192 192 64 64 64 64 64 64 64 64 192 192 192 192 192 192 192 192 192 192 192 192 64 64 64 64 64 64 64 64 192 192 192 192 192 192 192 192 192 192 192 192 192 192 192 192 192 192 192 192 64 64 64 64 64 64 64 64 192 192 192 192 192 192 192 192 192 192 192 192 192 192 192 192 64 64 64 64 64 64 64 64 192 192 192 192 192 192 192 192 192 192 192 192 192 192 192 192 192 192 192 192 64 64 64 64 64 64 64 64 192 192 192 192 192 192 192 192 192 192 192 192 64 64 64 64 64 64 64 64 192 192 192 192 192 192 192 192 192 192 192 192 192 192 192 192
192 192 192 192 192 192 192 192 192 192 192 192 192 192 192 192 64 64 64 64 64 64 64 64 192 192 192 192 192 192 192 192 192 192 192 192 64 64 64 64 64 64 64 64 192 192 192 192 192 192 192 192 192 192 192 192 192 192 192 192 192 192 192 192 64 64 64 64 64 64 64 64 192 192 192 192 192 192 192 192 192 192 192 192 192 192 192 192 64 64 64 64 64 64 64 64 192 192 192 192 192 192 192 192 192 192 192 192 192 192 192 192 192 192 192 192 64 64 64 64 64 64 64 64 192 192 192 192 192 192 192 192 192 192 192 192 64 64 64 64 64 64 64 64 192 192 192 192 192 192 192 192 192 192 192 192 192 192 192 192
192 192 192 192 192 192 192 192 192 192 192 192 192 192 192 192 64 64 64 64 64 64 64 64 192 192 192 192 192 192 192 192 192 192 192 192 64 64 64 64 64 64 64 64 192 192 192 192 192 192 192 192 192 192 192 192 192 192 192 192 192 192 192 192 64 64 64 64 64 64 64 64 192 192 192 192 192 192 192 192 192 192 192 192 192 192 192 192 64 64 64 64 64 64 64 64 192 192 192 192 192 192 192 192 192 192 192 192 192 192 192 192 192 192 192 192 64 64 64 64 64 64 64 64 192 192 192 192 192 192 192 192 192 192 192 192 64 64 64 64 64 64 64 64 192 192 192 192 192 192 192 192 192 192 192 192 192 192 192 192
192 192 192 192 64 64 64 64 64 64 64 64 64 64 64 64 64 64 64 64 64 64 64 64 64 64 64 64 64 64 64 64 64 64 64 64 64 64 64 64 64 64 64 64 64 64 64 64 64 64 64 64 64 64 64 64 64 64 64 64 192 192 192 192 64 64 64 64 64 64 64 64 64 64 64 64 64 64 64 64 64 64 64 64 64 64 64 64 64 64 64 64 64 64 64 64 192 192 192 192 64 64 64 64 64 64 64 64 64 64 64 64 64 64 64 64 64 64 64 64 64 64 64 64 64 64 64 64 64 64 64 64 64 64 64 64 64 64 64 64 64 64 64 64 64 64 64 64 64 64 64 64 64 64 64 64 192 192 192 192
192 192 192 192 64 64 64 64 64 64 64 64 64 64 64 64 64 64 64 64 64 64 64 64 64 64 64 64 64 64 64 64 64 64 64 64 64 64 64 64 64 64 64 64 64 64 64 64 64 64 64 64 64 64 64 64 64 64 64 64 192 192 192 192 64 64 64 64 64 64 64 64 64 64 64 64 64 64 64 223 223 223 64 64 64 64 64 64 64 64 64 64 64 64 64 64 192 192 192 192 64 64 64 64 64 64 64 64 64 64 64 64 64 64 64 64 64 64 64 64 64 64 64 64 64 64 64 64 64 64 64 64 64 64 64 64 64 64 64 64 64 64 64 64 64 64 64 64 64 64 64 64 64 64 64 64 192 192 192 192
192 192 192 192 64 64 64 64 64 64 64 64 64 64 64 64 64 64 64 64 64 64 64 64 64 64 64 64 64 64 64 64 64 64 64 64 64 64 64 64 64 64 64 64 64 64 64 64 64 64 64 64 64 64 64 64 64 64 64 64 192 192 192 192 64 64 64 64 64 64 64 64 64 64 64 64 64 64 64 223 223 223 64 64 64 64 64 64 64 64 64 64 64 64 64 64 192 192 192 192 64 64 64 64 64 64 64 64 64 64 64 64 64 64 64 64 64 64 64 64 64 64 64 64 64 64 64 64 64 64 64 64 64 64 64 64 64 64 64 64 64 64 64 64 64 64 64 64 64 64 64 64 64 64 64 64 192 192 192 192
192 192 192 192 64 64 64 64 64 64 64 64 64 64 64 64 64 64 64 64 64 64 64 64 64 64 64 64 64 64 64 64 64 64 64 64 64 64 64 64 64 64 64 64 64 64 64 64 64 64 64 64 64 64 64 64 64 64 64 64 192 192 192 192 64 64 64 64 64 64 64 64 64 64 64 64 64 64 223 223 64 223 223 64 64 64 64 64 64 64 64 64 64 64 64 64 192 192 192 192 64 64 64 64 64 64 64 64 64 64 64 64 64 64 64 64 64 64 64 64 64 64 64 64 64 64 64 64 64 64 64 64 64 64 64 64 64 64 64 64 64 64 64 64 64 64 64 64 64 64 64 64 64 64 64 64 192 192 192 192
192 192 192 192 64 64 64 64 64 64 64 64 64 64 64 64 64 64 64 64 64 64 64 64 64 64 64 64 64 64 64 64 64 64 64 64 64 64 64 64 64 64 64 64 64 64 64 64 64 64 64 64 64 64 64 64 64 64 64 64 192 192 192 192 64 64 64 64 64 64 64 64 64 64 64 64 64 64 223 223 64 223 223 64 64 64 64 64 64 64 64 64 64 64 64 64 192 192 192 192 64 64 64 64 64 64 64 64 64 64 64 64 64 64 64 64 64 64 64 64 64 64 64 64 64 64 64 64 64 64 64 64 64 64 64 64 64 64 64 64 64 64 64 64 64 64 64 64 64 64 64 64 64 64 64 64 192 192 192 192
192 192 192 192 64 64 64 64 64 64 64 64 64 64 64 64 64 64 64 64 64 64 64 64 64 64 64 64 64 64 64 64 64 64 64 64 64 64 64 64 64 64 64 64 64 64 64 64 64 64 64 64 64 64 64 64 64 64 64 64 192 192 192 192 64 64 64 64 64 64 64 64 64 64 64 64 64 223 223 223 64 64 64 64 64 64 64 64 64 64 64 64 64 64 64 64 192 192 192 192 64 64 64 64 64 64 64 64 64 64 64 64 64 64 64 64 64 64 64 64 64 64 64 64 64 64 64 64 64 64 64 64 64 64 64 64 64 64 64 64 64 64 64 64 64 64 64 64 64 64 64 64 64 64 64 64 192 192 192 192
192 192 192 192 64 64 64 64 64 64 64 64 64 64 64 64 64 64 64 64 64 64 64 64 64 64 64 64 64 64 64 64 64 64 64 64 64 64 64 64 64 64 64 64 64 64 64 64 64 64 64 64 64 64 64 64 64 64 64 64 192 192 192 192 64 64 64 64 64 64 64 64 64 64 64 64 64 223 223 223 64 64 64 64 64 64 64 64 64 64 64 64 64 64 64 64 192 192 192 192 64 64 64 64 64 64 64 64 64 64 64 64 64 64 64 64 64 64 64 64 64 64 64 64 64 64 64 64 64 64 64 64 64 64 64 64 64 64 64 64 64 64 64 64 64 64 64 64 64 64 64 64 64 64 64 64 192 192 192 192
192 192 192 192 64 64 64 64 192 192 192 192 64 64 64 64 192 192 192 192 64 64 64 64 192 192 192 192 64 64 64 64 192 192 192 192 64 64 64 64 192 192 192 192 64 64 64 64 192 192 192 192 64 64 64 64 64 64 64 64 192 192 192 192 64 64 64 64 192 192 192 192 64 64 64 64 64 223 223 64 64 64 64 64 64 64 64 64 64 64 64 64 64 64 64 64 192 192 192 192 64 64 64 64 64 64 64 64 192 192 192 192 64 64 64 64 192 192 192 192 64 64 64 64 192 192 192 192 64 64 64 64 192 192 192 192 64 64 64 64 192 192 192 192 64 64 64 64 192 192 192 192 64 64 64 64 192 192 192 192
192 192 192 192 64 64 64 64 192 192 192 192 64 64 64 64 192 192 192 192 64 64 64 64 192 192 192 192 64 64 64 64 192 192 192 192 64 64 64 64 192 192 192 192 64 64 64 64 192 192 192 192 64 64 64 64 64 64 64 64 192 192 192 192 64 64 64 64 192 192 192 192 64 64 64 64 64 223 223 64 64 64 64 64 64 64 64 64 64 64 64 64 64 64 64 64 192 192 192 192 64 64 64 64 64 64 64 64 192 192 192 192 64 64 64 64 192 192 192 192 64 64 64 64 192 192 192 192 64 64 64 64 192 192 192 192 64 64 64 64 192 192 192 192 64 64 64 64 192 192 192 192 64 64 64 64 192 192 192 192
192 192 192 192 64 64 64 64 64 64 64 64 64 64 64 64 64 64 64 64 64 64 64 64 64 64 64 64 64 64 64 64 64 64 64 64 64 64 64 64 64 64 64 64 64 64 64 64 64 64 64 64 64 64 64 64 64 64 64 64 192 192 192 192 64 64 64 64 64 64 64 64 64 64 64 64 64 223 223 223 64 64 64 64 64 64 64 64 64 64 64 64 64 64 64 64 192 192 192 192 64 64 64 64 64 64 64 64 64 64 64 64 64 64 64 64 64 64 64 64 64 64 64 64 64 64 64 64 64 64 64 64 64 64 64 64 64 64 64 64 64 64 64 64 64 64 64 64 64 64 64 64 64 64 64 64 192 192 192 192
192 192 192 192 64 64 64 64 64 64 64 64 64 64 64 64 64 64 64 64 64 64 64 64 64 64 64 64 64 64 64 64 64 64 64 64 64 64 64 64 64 64 64 64 64 64 64 64 64 64 64 64 64 64 64 64 64 64 64 64 192 192 192 192 64 64 64 64 64 64 64 64 64 64 64 64 64 223 223 223 64 64 64 64 64 64 64 64 64 64 64 64 64 64 64 64 192 192 192 192 64 64 64 64 64 64 64 64 64 64 64 64 64 64 64 64 64 64 64 64 64 64 64 64 64 64 64 64 64 64 64 64 64 64 64 64 64 64 64 64 64 64 64 64 64 64 64 64 64 64 64 64 64 64 64 64 192 192 192 192
192 192 192 192 64 64 64 64 64 64 64 64 64 64 64 64 64 64 64 64 64 64 64 64 64 64 64 64 64 64 64 64 64 64 64 64 64 64 64 64 64 64 64 64 64 64 64 64 64 64 64 64 64 64 64 64 64 64 64 64 192 192 192 192 64 64 64 64 64 64 64 64 64 64 64 64 64 64 223 223 223 223 223 223 64 64 64 64 64 64 64 64 64 64 64 64 192 192 192 192 64 64 64 64 64 64 64 64 64 64 64 64 64 64 64 64 64 64 64 64 64 64 64 64 64 64 64 64 64 64 64 64 64 64 64 64 64 64 64 64 64 64 64 64 64 64 64 64 64 64 64 64 64 64 64 64 192 192 192 192
192 192 192 192 64 64 64 64 64 64 64 64 64 64 64 64 64 64 64 64 64 64 64 64 64 64 64 64 64 64 64 64 64 64 64 64 64 64 64 64 64 64 64 64 64 64 64 64 64 64 64 64 64 64 64 64 64 64 64 64 192 192 192 192 64 64 64 64 64 64 64 64 64 64 64 64 64 64 223 223 223 223 223 223 64 64 64 64 64 64 64 64 64 64 64 64 192 192 192 192 64 64 64 64 64 64 64 64 64 64 64 64 64 64 64 64 64 64 64 64 64 64 64 64 64 64 64 64 64 64 64 64 64 64 64 64 64 64 64 64 64 64 64 64 64 64 64 64 64 64 64 64 64 64 64 64 192 192 192 192
192 192 192 192 64 64 64 64 64 64 64 64 64 64 64 64 64 64 64 64 64 64 64 64 64 64 64 64 64 64 64 64 64 64 64 64 64 64 64 64 64 64 64 64 64 64 64 64 64 64 64 64 64 64 64 64 64 64 64 64 192 192 192 192 64 64 64 64 64 64 64 64 64 64 64 64 64 64 64 223 223 223 64 64 64 64 64 64 64 64 64 64 64 64 64 64 192 192 192 192 64 64 64 64 64 64 64 64 64 64 64 64 64 64 64 64 64 64 64 64 64 64 64 64 64 64 64 64 64 64 64 64 64 64 64 64 64 64 64 64 64 64 64 64 64 64 64 64 64 64 64 64 64 64 64 64 192 192 192 192
192 192 192 192 64 64 64 64 64 64 64 64 64 64 64 64 64 64 64 64 64 64 64 64 64 64 64 64 64 64 64 64 64 64 64 64 64 64 64 64 64 64 64 64 64 64 64 64 64 64 64 64 64 64 64 64 64 64 64 64 192 192 192 192 64 64 64 64 64 64 64 64 64 64 64 64 64 64 64 223 223 223 64 64 64 64 64 64 64 64 64 64 64 64 64 64 192 192 192 192 64 64 64 64 64 64 64 64 64 64 64 64 64 64 64 64 64 64 64 64 64 64 64 64 64 64 64 64 64 64 64 64 64 64 64 64 64 64 64 64 64 64 64 64 64 64 64 64 64 64 183 183 183 183 64 64 192 192 192 192
192 192 192 192 64 64 64 64 64 64 64 64 64 64 64 64 64 64 64 64 64 64 64 64 64 64 64 64 64 64 64 64 64 64 64 64 64 64 64 64 64 64 64 64 64 64 64 64 64 64 64 64 64 64 64 64 64 64 64 64 192 192 192 192 64 64 64 64 64 64 64 64 64 64 64 64 64 64 64 64 64 64 64 64 64 64 64 64 64 64 64 64 64 64 64 64 192 192 192 192 64 64 64 64 64 64 64 64 64 64 64 64 64 64 64 64 64 64 64 64 64 64 64 64 64 64 64 64 64 64 64 64 64 64 64 64 64 64 64 64 64 64 64 64 64 64 64 64 64 64 183 183 183 183 64 64 192 192 192 192
192 192 192 192 64 64 64 64 64 64 64 64 192 192 192 192 192 192 192 192 192 192 192 192 64 64 64 64 64 64 64 64 192 192 192 192 64 64 64 64 64 64 64 64 192 192 192 192 192 192 192 192 64 64 64 64 64 64 64 64 192 192 192 192 64 64 64 64 64 64 64 64 192 192 192 192 192 192 192 192 192 192 192 192 192 192 192 192 64 64 64 64 64 64 64 64 192 192 192 192 64 64 64 64 64 64 64 64 192 192 192 192 192 192 192 192 64 64 64 64 64 64 64 64 192 192 192 192 64 64 64 64 64 64 64 64 192 192 192 192 192 192 192 192 192 192 192 192 64 64 183 183 183 183 64 64 192 192 192 192
192 192 192 192 64 64 64 64 64 64 64 64 192 192 192 192 192 192 192 192 192 192 192 192 64 64 64 64 64 64 64 64 192 192 192 192 64 64 64 64 64 64 64 64 192 192 192 192 192 192 192 192 64 64 64 64 64 64 64 64 192 192 192 192 64 64 64 64 64 64 64 64 192 192 192 192 192 192 192 192 192 192 192 192 192 192 192 192 64 64 64 64 64 64 64 64 192 192 192 192 64 64 64 64 64 64 64 64 192 192 192 192 192 192 192 192 64 64 64 64 64 64 64 64 192 192 192 192 64 64 64 64 64 64 64 64 192 192 192 192 192 192 192 192 192 192 192 192 64 64 183 183 183 183 64 64 192 192 192 192
192 192 192 192 64 64 64 64 64 64 64 64 192 192 192 192 192 192 192 192 192 192 192 192 64 64 64 64 64 64 64 64 192 192 192 192 64 64 64 64 64 64 64 64 192 192 192 192 192 192 192 192 64 64 64 64 64 64 64 64 192 192 192 192 64 64 64 64 64 64 64 64 192 192 192 192 192 192 192 192 192 192 192 192 192 192 192 192 64 64 64 64 64 64 64 64 192 192 192 192 64 64 64 64 64 64 64 64 192 192 192 192 192 192 192 192 64 64 64 64 64 64 64 64 192 192 192 192 64 64 64 64 64 64 64 64 192 192 192 192 192 192 192 192 192 192 192 192 64 64 183 183 183 183 64 64 192 192 192 192
192 192 192 192 64 64 64 64 64 64 64 64 192 192 192 192 192 192 192 192 192 192 192 192 64 64 64 64 64 64 64 64 192 192 192 192 64 64 64 64 64 64 64 64 192 192 192 192 192 192 192 192 64 64 64 64 64 64 64 64 192 192 192 192 64 64 64 64 64 64 64 64 192 192 192 192 192 192 192 192 192 192 192 192 192 192 192 192 64 64 64 64 64 64 64 64 192 192 192 192 64 64 64 64 64 64 64 64 192 192 192 192 192 192 192 192 64 64 64 64 64 64 64 64 192 192 192 192 64 64 64 64 64 64 64 64 192 192 192 192 192 192 192 192 192 192 192 192 64 64 183 183 183 183 64 64 192 192 192 192
192 192 192 192 64 64 64 64 64 64 64 64 192 192 192 192 192 192 192 192 192 192 192 192 64 64 64 64 64 64 64 64 192 192 192 192 64 64 64 64 64 64 64 64 192 192 192 192 192 192 192 192 64 64 64 64 64 64 64 64 192 192 192 192 64 64 64 64 64 64 64 64 192 192 192 192 192 192 192 192 192 192 192 192 192 192 192 192 64 64 64 64 64 64 64 64 192 192 192 192 64 64 64 64 64 64 64 64 192 192 192 192 192 192 192 192 64 64 64 64 64 64 64 64 192 192 192 192 64 64 64 64 64 64 64 64 192 192 192 192 192 192 192 192 192 192 192 192 64 64 183 183 183 183 64 64 192 192 192 192
192 192 192 192 64 64 64 64 64 64 64 64 192 192 192 192 192 192 192 192 192 192 192 192 64 64 64 64 64 64 64 64 192 192 192 192 64 64 64 64 64 64 64 64 192 192 192 192 192 192 192 192 64 64 64 64 64 64 64 64 192 192 192 192 64 64 64 64 64 64 64 64 192 192 192 192 192 192 192 192 192 192 192 192 192 192 192 192 64 64 64 64 64 64 64 64 192 192 192 192 64 64 64 64 64 64 64 64 192 192 192 192 192 192 192 192 64 64 64 64 64 64 64 64 192 192 192 192 64 64 64 64 64 64 64 64 192 192 192 192 192 192 192 192 192 192 192 192 64 64 183 183 183 183 64 64 192 192 192 192
192 192 192 192 64 64 64 64 64 64 64 64 64 64 64 64 64 64 64 64 64 64 64 64 64 64 64 64 64 64 64 64 192 192 192 192 64 64 64 64 64 64 64 64 64 64 64 64 64 64 64 64 64 64 64 64 64 64 64 64 64 64 64 64 64 64 64 64 64 64 64 64 64 64 64 64 64 64 64 64 64 64 64 64 64 64 64 64 64 64 64 64 64 64 64 64 64 64 64 64 64 64 64 64 64 64 64 64 64 64 64 64 64 64 64 64 64 64 64 64 64 64 64 64 192 192 192 192 64 64 64 64 64 64 64 64 64 64 64 64 64 64 64 64 64 64 64 64 64 64 183 183 183 183 64 64 192 192 192 192
192 192 192 192 64 64 64 64 64 64 64 64 64 64 64 64 64 64 64 64 64 64 64 64 64 64 64 64 64 64 64 64 192 192 192 192 64 64 64 64 64 64 64 64 64 64 64 64 64 64 64 64 64 64 64 64 64 64 64 64 64 64 64 64 64 64 64 64 64 64 64 64 64 64 64 64 64 64 64 64 64 64 64 64 64 64 64 64 64 64 64 64 64 64 64 64 64 64 64 64 64 64 64 64 64 64 64 64 64 64 64 64 64 64 64 64 64 64 64 64 64 64 64 64 192 192 192 192 64 64 64 64 64 64 64 64 64 64 64 64 64 64 64 64 64 64 64 64 64 64 183 183 183 183 64 64 192 192 192 192
192 192 192 192 64 64 64 64 64 64 64 64 64 64 64 64 64 64 64 64 64 64 64 64 64 64 64 64 64 64 64 64 192 192 192 192 64 64 64 64 64 64 64 64 64 64 64 64 64 64 64 64 64 64 64 64 64 64 64 64 64 64 64 64 64 64 64 64 64 64 64 64 64 64 64 64 64 64 64 64 64 64 64 64 64 64 64 64 64 64 64 64 64 64 64 64 64 64 64 64 64 64 64 64 64 64 64 64 64 64 64 64 64 64 64 64 64 64 64 64 64 64 64 64 192 192 192 192 64 64 64 64 64 64 64 64 64 64 64 64 64 64 64 64 64 64 64 64 64 64 64 64 64 64 64 64 192 192 192 192
192 192 192 192 64 64 64 64 64 64 64 64 64 64 64 64 64 64 64 64 64 64 64 64 64 64 64 64 64 64 64 64 192 192 192 192 64 64 64 64 64 64 64 64 64 64 64 64 64 64 64 64 64 64 64 64 64 64 64 64 64 64 64 64 64 64 64 64 64 64 64 64 64 64 64 64 64 64 64 64 64 64 64 64 64 64 64 64 64 64 64 64 64 64 64 64 64 64 64 64 64 64 64 64 64 64 64 64 64 64 64 64 64 64 64 64 64 64 64 64 64 64 64 64 192 192 192 192 64 64 64 64 64 64 64 64 64 64 64 64 64 64 64 64 64 64 64 64 64 64 64 64 64 64 64 64 192 192 192 192
192 192 192 192 64 64 64 64 64 64 64 64 64 64 64 64 64 64 64 64 64 64 64 64 64 64 64 64 64 64 64 64 192 192 192 192 64 64 64 64 64 64 64 64 64 64 64 64 64 64 64 64 64 64 64 64 64 64 64 64 64 64 64 64 64 64 64 64 64 64 64 64 64 64 64 64 64 64 64 64 64 64 64 64 64 64 64 64 64 64 64 64 64 64 64 64 64 64 64 64 64 64 64 64 64 64 64 64 64 64 64 64 64 64 64 64 64 64 64 64 64 64 64 64 192 192 192 192 64 64 64 64 64 64 64 64 64 64 64 64 64 64 64 64 64 64 64 64 64 64 64 64 64 64 64 64 192 192 192 192
192 192 192 192 64 64 64 64 64 64 64 64 64 64 64 64 64 64 64 64 64 64 64 64 64 64 64 64 64 64 64 64 192 192 192 192 64 64 64 64 64 64 64 64 64 64 64 64 64 64 64 64 64 64 64 64 64 64 64 64 64 64 64 64 64 64 64 64 64 64 64 64 64 64 64 64 64 64 64 64 64 64 64 64 64 64 64 64 64 64 64 64 64 64 64 64 64 64 64 64 64 64 64 64 64 64 64 64 64 64 64 64 64 64 64 64 64 64 64 64 64 64 64 64 192 192 192 192 64 64 64 64 64 64 64 64 64 64 64 64 64 64 64 64 64 64 64 64 64 64 64 64 64 64 64 64 192 192 192 192
192 192 192 192 64 64 64 64 64 64 64 64 64 64 64 64 64 64 64 64 64 64 64 64 64 64 64 64 64 64 64 64 192 192 192 192 64 64 64 64 64 64 64 64 64 64 64 64 64 64 64 64 64 64 64 64 64 64 64 64 64 64 64 64 64 64 64 64 64 64 64 64 64 64 64 64 64 64 64 64 64 64 64 64 64 64 64 64 64 64 64 64 64 64 64 64 64 64 64 64 64 64 64 64 64 64 64 64 64 64 64 64 64 64 64 64 64 64 64 64 64 64 64 64 192 192 192 192 64 64 64 64 64 64 64 64 64 64 64 64 64 64 64 64 64 64 64 64 64 64 64 64 64 64 64 64 192 192 192 192
192 192 192 192 64 64 64 64 192 192 192 192 64 64 64 64 192 192 192 192 64 64 64 64 192 192 192 192 64 64 64 64 192 192 192 192 64 64 64 64 192 192 192 192 64 64 64 64 192 192 192 192 64 64 64 64 192 192 192 192 64 64 64 64 192 192 192 192 64 64 64 64 192 192 192 192 64 64 64 64 64 64 64 64 192 192 192 192 64 64 64 64 192 192 192 192 64 64 64 64 192 192 192 192 64 64 64 64 192 192 192 192 64 64 64 64 192 192 192 192 64 64 64 64 192 192 192 192 64 64 64 64 192 192 192 192 64 64 64 64 192 192 192 192 64 64 64 64 192 192 192 192 64 64 64 64 192 192 192 192
192 192 192 192 64 64 64 64 192 192 192 192 64 64 64 64 192 192 192 192 64 64 64 64 192 192 192 192 64 64 64 64 192 192 192 192 64 64 64 64 192 192 192 192 64 64 64 64 192 192 192 192 64 64 64 64 192 192 192 192 64 64 64 64 192 192 192 192 64 64 64 64 192 192 192 192 64 64 64 64 64 64 64 64 192 192 192 192 64 64 64 64 192 192 192 192 64 64 64 64 192 192 192 192 64 64 64 64 192 192 192 192 64 64 64 64 192 192 192 192 64 64 64 64 192 192 192 192 64 64 64 64 192 192 192 192 64 64 64 64 192 192 192 192 64 64 64 64 192 192 192 192 64 64 64 64 192 192 192 192
192 192 192 192 64 64 64 64 64 64 64 64 64 64 64 64 64 64 64 64 64 64 64 64 64 64 64 64 64 64 64 64 192 192 192 192 64 64 64 64 64 64 64 64 64 64 64 64 64 64 64 64 64 64 64 64 64 64 64 64 64 64 64 64 64 64 64 64 64 64 64 64 64 64 64 64 64 64 64 64 64 64 64 64 64 64 64 64 64 64 64 64 64 64 64 64 64 64 64 64 64 64 64 64 64 64 64 64 64 64 64 64 64 64 64 64 64 64 64 64 64 64 64 64 192 192 192 192 64 64 64 64 64 64 64 64 64 64 64 64 64 64 64 64 64 64 64 64 64 64 64 64 64 64 64 64 192 192 192 192
192 192 192 192 64 64 64 64 64 64 64 64 64 64 64 64 64 64 64 64 64 64 64 64 64 64 64 64 64 64 64 64 192 192 192 192 64 64 64 64 64 64 64 64 64 64 64 64 64 64 64 64 64 64 64 64 64 64 64 64 64 64 64 64 64 64 64 64 64 64 64 64 64 64 64 64 64 64 64 64 64 64 64 64 64 64 64 64 64 64 64 64 64 64 64 64 64 64 64 64 64 64 64 64 64 64 64 64 64 64 64 64 64 64 64 64 64 64 64 64 64 64 64 64 192 192 192 192 64 64 64 64 64 64 64 64 64 64 64 64 64 64 64 64 64 64 64 64 64 64 64 64 64 64 64 64 192 192 192 192
192 192 192 192 64 64 64 64 64 64 64 64 64 64 64 64 64 64 64 64 64 64 64 64 64 64 64 64 64 64 64 64 192 192 192 192 64 64 64 64 64 64 64 64 64 64 64 64 64 64 64 64 64 64 64 64 64 64 64 64 64 64 64 64 64 64 64 64 64 64 64 64 64 64 64 64 64 64 64 64 64 64 64 64 64 64 64 64 64 64 64 64 64 64 64 64 64 64 64 64 64 64 64 64 64 64 64 64 64 64 64 64 64 64 64 64 64 64 64 64 64 64 64 64 192 192 192 192 64 64 64 64 64 64 64 64 64 64 64 64 64 64 64 64 64 64 64 64 64 64 64 64 64 64 64 64 192 192 192 192
192 192 192 192 64 64 64 64 64 64 64 64 64 64 64 64 64 64 64 64 64 64 64 64 64 64 64 64 64 64 64 64 192 192 192 192 64 64 64 64 64 64 64 64 64 64 64 64 64 64 64 64 64 64 64 64 64 64 64 64 64 64 64 64 64 64 64 64 64 64 64 64 64 64 64 64 64 64 64 64 64 64 64 64 64 64 64 64 64 64 64 64 64 64 64 64 64 64 64 64 64 64 64 64 64 64 64 64 64 64 64 64 64 64 64 64 64 64 64 64 64 64 64 64 192 192 192 192 64 64 64 64 64 64 64 64 64 64 64 64 64 64 64 64 64 64 64 64 64 64 64 64 64 64 64 64 192 192 192 192
192 192 192 192 64 64 64 64 64 64 64 64 64 64 64 64 64 64 64 64 64 64 64 64 64 64 64 64 64 64 64 64 192 192 192 192 64 64 64 64 64 64 64 64 64 64 64 64 64 64 64 64 64 64 64 64 64 64 64 64 64 64 64 64 64 64 64 64 64 64 64 64 64 64 64 64 64 64 64 64 64 64 64 64 64 64 64 64 64 64 64 64 64 64 64 64 64 64 64 64 64 64 64 64 64 64 64 64 64 64 64 64 64 64 64 64 64 64 64 64 64 64 64 64 192 192 192 192 64 64 64 64 64 64 64 64 64 64 64 64 64 64 64 64 64 64 64 64 64 64 64 64 64 64 64 64 192 192 192 192
192 192 192 192 64 64 64 64 64 64 64 64 64 64 64 64 64 64 64 64 64 64 64 64 64 64 64 64 64 64 64 64 192 192 192 192 64 64 64 64 64 64 64 64 64 64 64 64 64 64 64 64 64 64 64 64 64 64 64 64 64 64 64 64 64 64 64 64 64 64 64 64 64 64 64 64 64 64 64 64 64 64 64 64 64 64 64 64 64 64 64 64 64 64 64 64 64 64 64 64 64 64 64 64 64 64 64 64 64 64 64 64 64 64 64 64 64 64 64 64 64 64 64 64 192 192 192 192 64 64 64 64 64 64 64 64 64 64 64 64 64 64 64 64 64 64 64 64 64 64 64 64 64 64 64 64 192 192 192 192
192 192 192 192 64 64 64 64 64 64 64 64 64 64 64 64 64 64 64 64 64 64 64 64 64 64 64 64 64 64 64 64 192 192 192 192 64 64 64 64 64 64 64 64 64 64 64 64 64 64 64 64 64 64 64 64 64 64 64 64 64 64 64 64 64 64 64 64 64 64 64 64 64 64 64 64 64 64 64 64 64 64 64 64 64 64 64 64 64 64 64 64 64 64 64 64 64 64 64 64 64 64 64 64 64 64 64 64 64 64 64 64 64 64 64 64 64 64 64 64 64 64 64 64 192 192 192 192 64 64 64 64 64 64 64 64 64 64 64 64 64 64 64 64 64 64 64 64 64 64 64 64 64 64 64 64 192 192 192 192
192 192 192 192 192 192 192 192 192 192 192 192 192 192 192 192 192 192 192 192 192 192 192 192 192 192 192 192 192 192 192 192 192 192 192 192 192 192 192 192 192 192 192 192 192 192 192 192 192 192 192 192 192 192 192 192 192 192 192 192 192 192 192 192 192 192 192 192 192 192 192 192 192 192 192 192 64 64 64 64 64 64 64 64 192 192 192 192 192 192 192 192 192 192 192 192 192 192 192 192 192 192 192 192 192 192 192 192 192 192 192 192 192 192 192 192 192 192 192 192 192 192 192 192 192 192 192 192 192 192 192 192 192 192 192 192 192 192 192 192 192 192 192 192 192 192 192 192 192 192 192 192 192 192 192 192 192 192 192 192
192 192 192 192 192 192 192 192 192 192 192 192 192 192 192 192 192 192 192 192 192 192 192 192 192 192 192 192 192 192 192 192 192 192 192 192 192 192 192 192 192 192 192 192 192 192 192 192 192 192 192 192 192 192 192 192 192 192 192 192 192 192 192 192 192 192 192 192 192 192 192 192 192 192 192 192 64 64 64 64 64 64 64 64 192 192 192 192 192 192 192 192 192 192 192 192 192 192 192 192 192 192 192 192 192 192 192 192 192 192 192 192 192 192 192 192 192 192 192 192 192 192 192 192 192 192 192 192 192 192 192 192 192 192 192 192 192 192 192 192 192 192 192 192 192 192 192 192 192 192 192 192 192 192 192 192 192 192 192 192
192 192 192 192 192 192 192 192 192 192 192 192 192 192 192 192 192 192 192 192 192 192 192 192 192 192 192 192 192 192 192 192 192 192 192 192 192 192 192 192 192 192 192 192 192 192 192 192 192 192 192 192 192 192 192 192 192 192 192 192 192 192 192 192 192 192 192 192 192 192 192 192 192 192 192 192 64 64 64 64 64 64 64 64 192 192 192 192 192 192 192 192 192 192 192 192 192 192 192 192 192 192 192 192 192 192 192 192 192 192 192 192 192 192 192 192 192 192 192 192 192 192 192 192 192 192 192 192 192 192 192 192 192 192 192 192 192 192 192 192 192 192 192 192 192 192 192 192 192 192 192 192 192 192 192 192 192 192 192 192
192 192 192 192 192 192 192 192 192 192 192 192 192 192 192 192 192 192 192 192 192 192 192 192 192 192 192 192 192 192 192 192 192 192 192 192 192 192 192 192 192 192 192 192 192 192 192 192 192 192 192 192 192 192 192 192 192 192 192 192 192 192 192 192 192 192 192 192 192 192 192 192 192 192 192 192 64 64 64 64 64 64 64 64 192 192 192 192 192 192 192 192 192 192 192 192 192 192 192 192 192 192 192 192 192 192 192 192 192 192 192 192 192 192 192 192 192 192 192 192 192 192 192 192 192 192 192 192 192 192 192 192 192 192 192 192 192 192 192 192 192 192 192 192 192 192 192 192 192 192 192 192 192 192 192 192 192 192 192 192
64 64 64 64 64 64 64 64 64 64 64 64 64 64 64 64 64 64 64 64 64 64 64 64 64 64 64 64 64 64 64 64 64 64 64 64 64 64 64 64 64 64 64 64 64 64 64 64 64 64 64 64 64 64 64 64 64 64 64 64 64 64 64 64 64 64 64 64 64 64 64 64 64 64 64 64 64 64 64 64 64 64 64 64 64 64 64 64 64 64 64 64 64 64 64 64 64 64 64 64 64 64 64 64 64 64 64 64 64 64 64 64 64 64 64 64 64 64 64 64 64 64 64 64 64 64 64 64 64 64 64 64 64 64 64 64 64 64 64 64 64 64 64 64 64 64 64 64 64 64 64 64 64 64 64 64 64 64 64 64
